Lp;R;G;B;War;Dec
0;114.47;114.47;114.47;233.88910000000007;1
1;138.46;138.46;138.46;80.76839999999999;0
2;115.92;115.92;115.92;28.613599999999977;0
3;116.03;116.03;116.03;35.10909999999994;1
4;164.96;164.96;164.96;87.73840000000001;0
5;128.51;128.51;128.51;554.2699;1
6;97.9;97.9;97.9;38.67000000000001;1
7;106.44;106.44;106.44;201.68640000000028;1
8;95.36;95.36;95.36;274.3103999999999;1
9;153.73;153.73;153.73;46.55709999999999;0
10;130.06;130.06;130.06;57.05639999999998;0
11;79.59;79.59;79.59;14.501899999999987;0
12;125.96;125.96;125.96;24.978399999999976;1
13;76.55;76.55;76.55;151.9475;1
14;3.44;3.44;3.44;0.24639999999999995;0
15;96.68;96.68;96.68;29.077599999999997;0
16;68.65;68.65;68.65;152.24750000000003;1
17;135.8;135.8;135.8;18.100000000000012;0
18;73.97;73.97;73.97;26.98909999999997;1
19;69.97;69.97;69.97;9.769099999999998;0
20;118.66;118.66;118.66;27.784400000000023;1
21;143.76;143.76;143.76;6.222399999999986;0
22;86.86;86.86;86.86;9.30040000000001;0
23;96.22;96.22;96.22;12.45159999999998;0
24;77.2;77.2;77.2;216.22000000000006;1
25;108.17;108.17;108.17;15.721100000000039;0
26;71.67;71.67;71.67;282.82110000000006;1
27;3.0;3.0;3.0;0.0;0
28;129.87;129.87;129.87;44.83309999999999;1
29;188.2;188.2;188.2;378.1599999999999;1
30;56.32;56.32;56.32;17.257599999999996;1
31;93.31;93.31;93.31;143.7939;1
32;3.0;3.0;3.0;0.0;0
33;132.95;132.95;132.95;20.707499999999982;0
34;74.55;74.55;74.55;8.207500000000023;1
35;128.05;128.05;128.05;56.3275;0
36;68.66;68.66;68.66;21.644399999999994;1
37;4.0;4.0;4.0;0.0;0
38;101.17;101.17;101.17;8.6411;0
39;4.0;4.0;4.0;0.0;0
40;86.61;86.61;86.61;391.8378999999997;0
41;4.0;4.0;4.0;0.0;0
42;62.14;62.14;62.14;0.600399999999997;0
43;107.55;107.55;107.55;11.147500000000013;0
44;66.11;66.11;66.11;124.71789999999993;1
45;75.86;75.86;75.86;302.32040000000023;1
46;99.27;99.27;99.27;18.35710000000002;1
47;120.65;120.65;120.65;4.847500000000004;0
48;68.31;68.31;68.31;145.63390000000004;1
49;89.53;89.53;89.53;55.569099999999985;1
50;63.39;63.39;63.39;7.437899999999994;0
51;4.0;4.0;4.0;0.0;0
52;85.54;85.54;85.54;336.5084000000001;1
53;87.78;87.78;87.78;9.7916;0
54;137.94;137.94;137.94;10.676400000000001;0
55;95.64;95.64;95.64;78.67039999999997;0
56;71.15;71.15;71.15;7.1274999999999835;0
57;92.97;92.97;92.97;14.069100000000022;0
58;74.29;74.29;74.29;490.46589999999946;1
59;59.56;59.56;59.56;2.3064000000000044;0
60;40.91;40.91;40.91;2.681900000000008;0
61;88.2;88.2;88.2;52.90000000000001;1
62;114.05;114.05;114.05;132.2675000000001;1
63;99.33;99.33;99.33;85.92110000000008;0
64;68.21;68.21;68.21;105.22589999999987;1
65;75.87;75.87;75.87;10.493099999999991;1
66;171.37;171.37;171.37;69.2131000000001;1
67;83.29;83.29;83.29;29.18589999999998;1
68;168.33;168.33;168.33;13.521100000000006;0
69;99.84;99.84;99.84;19.454400000000007;0
70;108.75;108.75;108.75;3.1275;0
71;105.31;105.31;105.31;18.37390000000004;1
72;76.5;76.5;76.5;8.81;0
73;69.35;69.35;69.35;8.247499999999999;1
74;84.79;84.79;84.79;201.58590000000007;0
75;76.35;76.35;76.35;430.4875000000001;1
76;102.54;102.54;102.54;176.72839999999982;1
77;4.04;4.04;4.04;0.07839999999999997;0
78;149.99;149.99;149.99;4.409899999999986;0
79;4.0;4.0;4.0;0.0;0
80;110.81;110.81;110.81;19.293899999999987;0
81;118.41;118.41;118.41;29.541900000000005;1
82;87.18;87.18;87.18;10.58760000000001;0
83;130.67;130.67;130.67;192.34109999999995;0
84;112.64;112.64;112.64;356.59039999999993;1
85;93.44;93.44;93.44;23.826400000000007;1
86;74.2;74.2;74.2;15.579999999999995;0
87;89.96;89.96;89.96;69.23839999999998;0
88;118.35;118.35;118.35;17.5675;0
89;132.64;132.64;132.64;37.95040000000003;0
90;69.08;69.08;69.08;60.43360000000003;1
91;89.4;89.4;89.4;122.72000000000003;1
92;137.15;137.15;137.15;26.127500000000012;0
93;241.57;241.57;241.57;0.6051000000000002;0
94;74.68;74.68;74.68;9.577599999999995;1
95;109.52;109.52;109.52;2.7295999999999996;0
96;64.93;64.93;64.93;50.7451;1
97;99.34;99.34;99.34;11.6644;1
98;98.08;98.08;98.08;16.95359999999999;0
99;114.08;114.08;114.08;62.393599999999985;1
100;4.0;4.0;4.0;0.0;0
101;128.56;128.56;128.56;562.3663999999997;1
102;101.11;101.11;101.11;53.67790000000002;1
103;55.96;55.96;55.96;17.598400000000026;1
104;69.34;69.34;69.34;9.624400000000009;1
105;82.39;82.39;82.39;96.8379;1
106;151.41;151.41;151.41;49.9819;0
107;98.43;98.43;98.43;10.08509999999999;0
108;74.26;74.26;74.26;35.35240000000001;1
109;143.41;143.41;143.41;209.50189999999992;1
110;114.79;114.79;114.79;13.665899999999992;0
111;92.05;92.05;92.05;95.68750000000004;1
112;77.46;77.46;77.46;56.12839999999994;1
113;86.65;86.65;86.65;18.52749999999998;0
114;4.0;4.0;4.0;0.0;0
115;64.25;64.25;64.25;88.8275;1
116;145.08;145.08;145.08;32.95360000000001;0
117;142.28;142.28;142.28;19.761600000000012;0
118;132.19;132.19;132.19;22.053899999999995;0
119;46.59;46.59;46.59;7.921900000000002;1
120;102.6;102.6;102.6;12.920000000000016;0
121;47.61;47.61;47.61;14.337900000000012;1
122;100.3;100.3;100.3;12.350000000000009;0
123;87.59;87.59;87.59;5.1818999999999935;0
124;118.66;118.66;118.66;86.70439999999999;1
125;60.63;60.63;60.63;67.03309999999993;1
126;69.93;69.93;69.93;79.36509999999997;1
127;3.8;3.8;3.8;0.16000000000000075;0
128;81.28;81.28;81.28;326.72160000000014;1
129;149.65;149.65;149.65;56.04749999999998;0
130;86.64;86.64;86.64;108.51039999999999;0
131;73.43;73.43;73.43;5.1451000000000136;0
132;115.44;115.44;115.44;10.546399999999991;1
133;68.66;68.66;68.66;49.50439999999999;1
134;90.13;90.13;90.13;12.373100000000004;0
135;167.33;167.33;167.33;42.90110000000002;1
136;92.11;92.11;92.11;53.317900000000044;1
137;64.0;64.0;64.0;40.02;1
138;96.82;96.82;96.82;34.907600000000066;0
139;88.31;88.31;88.31;38.21389999999999;1
140;116.6;116.6;116.6;7.859999999999979;0
141;81.46;81.46;81.46;369.0283999999998;1
142;103.08;103.08;103.08;345.15359999999976;1
143;134.14;134.14;134.14;30.420399999999997;0
144;88.02;88.02;88.02;26.719599999999982;0
145;103.08;103.08;103.08;15.6136;0
146;71.55;71.55;71.55;11.627500000000037;0
147;93.8;93.8;93.8;18.560000000000016;0
148;90.11;90.11;90.11;21.43789999999998;0
149;115.18;115.18;115.18;381.5075999999997;1
150;81.18;81.18;81.18;5.427599999999995;0
151;79.25;79.25;79.25;13.3875;1
152;95.41;95.41;95.41;25.561900000000005;0
153;54.98;54.98;54.98;19.2596;1
154;153.62;153.62;153.62;7.1556000000000175;0
155;98.27;98.27;98.27;8.597099999999998;0
156;54.13;54.13;54.13;24.513100000000005;1
157;105.74;105.74;105.74;20.35240000000001;1
158;140.13;140.13;140.13;0.9930999999999994;0
159;74.53;74.53;74.53;6.94909999999998;0
160;31.64;31.64;31.64;17.730399999999953;1
161;4.0;4.0;4.0;0.0;0
162;85.47;85.47;85.47;17.329100000000015;1
163;51.78;51.78;51.78;170.19159999999997;1
164;147.5;147.5;147.5;7.51;0
165;81.66;81.66;81.66;10.1044;0
166;125.19;125.19;125.19;8.333899999999998;0
167;109.7;109.7;109.7;33.13000000000001;0
168;71.35;71.35;71.35;4.747500000000004;0
169;81.04;81.04;81.04;69.77840000000003;1
170;92.24;92.24;92.24;111.90240000000006;0
171;93.24;93.24;93.24;90.08240000000002;1
172;120.89;120.89;120.89;19.4779;0
173;93.13;93.13;93.13;9.593099999999989;0
174;142.77;142.77;142.77;31.997100000000003;0
175;113.02;113.02;113.02;8.179600000000013;0
176;146.05;146.05;146.05;29.887500000000024;0
177;111.44;111.44;111.44;9.486399999999973;0
178;109.42;109.42;109.42;287.84360000000004;1
179;125.43;125.43;125.43;13.56509999999999;0
180;84.69;84.69;84.69;477.1739000000001;1
181;68.16;68.16;68.16;0.29439999999999866;0
182;72.98;72.98;72.98;24.6996;1
183;4.0;4.0;4.0;0.0;0
184;123.61;123.61;123.61;643.3978999999998;1
185;114.65;114.65;114.65;406.7475;1
186;92.65;92.65;92.65;9.927499999999993;0
187;66.5;66.5;66.5;22.19;1
188;117.46;117.46;117.46;121.98840000000001;1
189;131.3;131.3;131.3;15.090000000000021;0
190;84.46;84.46;84.46;21.328399999999966;1
191;166.13;166.13;166.13;78.23310000000005;0
192;110.62;110.62;110.62;14.615599999999953;0
193;97.73;97.73;97.73;244.13710000000032;0
194;101.26;101.26;101.26;6.872400000000004;0
195;66.7;66.7;66.7;27.689999999999987;1
196;92.63;92.63;92.63;83.01309999999998;1
197;152.03;152.03;152.03;30.509099999999975;1
198;51.55;51.55;51.55;5.347500000000006;1
199;55.44;55.44;55.44;68.34639999999999;1
200;78.78;78.78;78.78;5.391600000000005;1
201;124.86;124.86;124.86;51.60039999999995;1
202;55.8;55.8;55.8;2.78;0
203;96.79;96.79;96.79;249.48589999999987;1
204;66.22;66.22;66.22;10.291600000000008;0
205;84.27;84.27;84.27;2.9171000000000036;0
206;109.47;109.47;109.47;139.90910000000008;1
207;147.9;147.9;147.9;15.010000000000003;0
208;85.2;85.2;85.2;59.160000000000025;1
209;90.97;90.97;90.97;5.6291;0
210;102.67;102.67;102.67;2.381100000000005;0
211;4.0;4.0;4.0;0.0;0
212;64.05;64.05;64.05;15.467500000000012;1
213;154.42;154.42;154.42;19.643599999999996;0
214;132.33;132.33;132.33;13.721100000000005;0
215;126.95;126.95;126.95;10.487500000000004;0
216;83.68;83.68;83.68;169.2176000000001;1
217;94.23;94.23;94.23;7.657099999999997;0
218;83.55;83.55;83.55;7.66750000000001;0
219;61.53;61.53;61.53;23.449100000000012;1
220;85.63;85.63;85.63;66.47310000000002;0
221;52.71;52.71;52.71;81.2259;1
222;105.59;105.59;105.59;45.1619;1
223;119.02;119.02;119.02;27.559600000000014;1
224;133.08;133.08;133.08;36.833600000000004;0
225;70.93;70.93;70.93;315.1451000000001;1
226;83.92;83.92;83.92;562.8336000000003;1
227;101.64;101.64;101.64;131.3704;0
228;66.42;66.42;66.42;36.78360000000005;1
229;96.26;96.26;96.26;7.692400000000003;0
230;75.86;75.86;75.86;67.2004;1
231;112.47;112.47;112.47;19.729100000000006;0
232;45.87;45.87;45.87;10.573100000000004;1
233;119.28;119.28;119.28;9.741599999999995;0
234;107.92;107.92;107.92;8.993599999999999;0
235;3.0;3.0;3.0;0.0;0
236;41.11;41.11;41.11;1.1579000000000004;0
237;48.38;48.38;48.38;4.035600000000002;0
238;105.09;105.09;105.09;39.20189999999997;1
239;75.03;75.03;75.03;63.12909999999999;1
240;102.62;102.62;102.62;5.795600000000012;0
241;3.0;3.0;3.0;0.0;0
242;99.59;99.59;99.59;11.201899999999997;1
243;104.88;104.88;104.88;15.505600000000019;0
244;102.61;102.61;102.61;350.8179;1
245;89.88;89.88;89.88;2.7055999999999987;1
246;110.48;110.48;110.48;8.14960000000002;0
247;84.29;84.29;84.29;94.58589999999994;1
248;126.29;126.29;126.29;58.165899999999986;0
249;67.18;67.18;67.18;58.24759999999997;1
250;109.14;109.14;109.14;90.40039999999996;1
251;101.51;101.51;101.51;6.909900000000013;0
252;4.0;4.0;4.0;0.0;0
253;88.92;88.92;88.92;36.613599999999984;1
254;98.38;98.38;98.38;14.13559999999999;0
255;61.51;61.51;61.51;11.789899999999994;0
256;119.86;119.86;119.86;19.240399999999998;1
257;71.07;71.07;71.07;9.165100000000017;1
258;102.37;102.37;102.37;17.833099999999973;0
259;98.25;98.25;98.25;25.4475;0
260;119.96;119.96;119.96;87.47840000000001;1
261;59.85;59.85;59.85;8.867500000000007;0
262;155.37;155.37;155.37;5.99309999999999;0
263;110.88;110.88;110.88;7.0856000000000225;0
264;114.92;114.92;114.92;562.9536;0
265;57.73;57.73;57.73;6.2371000000000185;0
266;98.65;98.65;98.65;10.627499999999996;0
267;87.94;87.94;87.94;6.456400000000005;0
268;83.55;83.55;83.55;132.6475000000001;0
269;64.11;64.11;64.11;32.73789999999996;1
270;107.15;107.15;107.15;12.70749999999999;0
271;75.67;75.67;75.67;68.76110000000001;1
272;98.65;98.65;98.65;7.207500000000005;0
273;109.71;109.71;109.71;20.665899999999972;0
274;66.85;66.85;66.85;55.36749999999998;1
275;57.72;57.72;57.72;15.921600000000028;1
276;66.36;66.36;66.36;14.910400000000003;1
277;4.0;4.0;4.0;0.0;0
278;110.29;110.29;110.29;22.92589999999999;1
279;109.18;109.18;109.18;151.32760000000013;1
280;136.92;136.92;136.92;16.9336;0
281;82.16;82.16;82.16;88.57439999999998;1
282;4.0;4.0;4.0;0.0;0
283;110.59;110.59;110.59;90.44189999999998;1
284;110.16;110.16;110.16;20.234400000000004;1
285;73.37;73.37;73.37;126.43310000000002;1
286;99.51;99.51;99.51;142.7099000000002;1
287;97.52;97.52;97.52;8.729599999999998;0
288;99.64;99.64;99.64;718.3103999999998;1
289;206.33;206.33;206.33;54.361099999999986;1
290;107.89;107.89;107.89;10.717899999999995;0
291;105.44;105.44;105.44;19.406399999999984;1
292;102.58;102.58;102.58;178.46360000000004;1
293;96.46;96.46;96.46;374.5884;1
294;119.45;119.45;119.45;134.48749999999995;1
295;4.0;4.0;4.0;0.0;0
296;42.07;42.07;42.07;6.725100000000008;0
297;96.82;96.82;96.82;9.867600000000026;0
298;72.91;72.91;72.91;167.54190000000003;1
299;4.0;4.0;4.0;0.0;0
300;128.6;128.6;128.6;144.14;0
301;92.49;92.49;92.49;19.409899999999997;1
302;99.97;99.97;99.97;37.089099999999995;0
303;167.88;167.88;167.88;120.28559999999997;1
304;4.0;4.0;4.0;0.0;0
305;140.88;140.88;140.88;49.00559999999996;1
306;114.86;114.86;114.86;764.1804;1
307;64.06;64.06;64.06;46.93639999999994;1
308;77.83;77.83;77.83;62.02109999999992;1
309;110.11;110.11;110.11;5.877899999999988;0
310;4.0;4.0;4.0;0.0;0
311;181.83;181.83;181.83;8.821100000000005;0
312;131.02;131.02;131.02;24.899600000000003;0
313;132.84;132.84;132.84;42.79440000000004;0
314;84.85;84.85;84.85;41.18750000000002;1
315;150.65;150.65;150.65;10.567499999999994;0
316;140.58;140.58;140.58;23.723600000000012;0
317;131.33;131.33;131.33;33.64109999999999;0
318;87.75;87.75;87.75;21.5275;0
319;73.48;73.48;73.48;195.6296000000003;1
320;133.78;133.78;133.78;56.17159999999995;1
321;105.56;105.56;105.56;112.8463999999999;1
322;89.92;89.92;89.92;4.693600000000007;0
323;140.4;140.4;140.4;4.920000000000013;0
324;35.65;35.65;35.65;180.34750000000014;1
325;72.33;72.33;72.33;266.42109999999985;1
326;103.92;103.92;103.92;31.95359999999998;0
327;75.09;75.09;75.09;72.14189999999995;1
328;3.0;3.0;3.0;0.0;0
329;126.53;126.53;126.53;83.42910000000008;1
330;81.69;81.69;81.69;182.03389999999993;1
331;51.46;51.46;51.46;92.32840000000002;1
332;53.77;53.77;53.77;4.257099999999997;1
333;99.37;99.37;99.37;18.05309999999998;0
334;115.33;115.33;115.33;2.9211000000000014;0
335;19.41;19.41;19.41;247.04190000000017;0
336;133.51;133.51;133.51;19.369899999999987;0
337;3.0;3.0;3.0;0.0;0
338;131.61;131.61;131.61;61.61789999999996;1
339;4.0;4.0;4.0;0.0;0
340;96.09;96.09;96.09;20.381899999999995;0
341;107.31;107.31;107.31;3.3339000000000003;0
342;85.26;85.26;85.26;8.35239999999999;0
343;71.32;71.32;71.32;316.4375999999999;1
344;108.95;108.95;108.95;8.46750000000001;0
345;71.98;71.98;71.98;80.2996;1
346;132.7;132.7;132.7;22.389999999999983;0
347;133.47;133.47;133.47;15.129099999999992;0
348;105.63;105.63;105.63;596.0531000000003;1
349;88.78;88.78;88.78;109.25159999999994;1
350;12.42;12.42;12.42;371.24359999999996;0
351;92.82;92.82;92.82;6.347600000000009;0
352;138.33;138.33;138.33;30.58109999999998;0
353;38.97;38.97;38.97;9.649099999999994;1
354;104.96;104.96;104.96;268.85840000000013;1
355;78.5;78.5;78.5;118.53;1
356;130.8;130.8;130.8;47.80000000000008;1
357;93.17;93.17;93.17;44.88109999999999;0
358;4.27;4.27;4.27;0.7371000000000001;0
359;102.07;102.07;102.07;10.965100000000012;0
360;3.0;3.0;3.0;0.0;0
361;141.52;141.52;141.52;26.429600000000033;0
362;99.13;99.13;99.13;137.11310000000003;1
363;102.28;102.28;102.28;13.221600000000002;0
364;166.27;166.27;166.27;51.11709999999998;1
365;81.84;81.84;81.84;21.434400000000004;0
366;86.7;86.7;86.7;181.67000000000004;1
367;62.05;62.05;62.05;78.7675;1
368;3.0;3.0;3.0;0.0;0
369;75.1;75.1;75.1;190.9900000000002;1
370;70.14;70.14;70.14;9.080400000000024;0
371;86.2;86.2;86.2;79.85999999999989;1
372;130.26;130.26;130.26;52.83239999999998;0
373;107.94;107.94;107.94;15.876400000000004;0
374;93.58;93.58;93.58;6.083600000000004;0
375;121.67;121.67;121.67;153.02109999999996;1
376;102.6;102.6;102.6;7.759999999999983;0
377;123.9;123.9;123.9;5.129999999999993;0
378;44.03;44.03;44.03;915.6691;0
379;74.2;74.2;74.2;7.000000000000003;1
380;71.62;71.62;71.62;24.195599999999995;1
381;64.11;64.11;64.11;65.79789999999994;1
382;78.98;78.98;78.98;34.7596;1
383;95.93;95.93;95.93;93.20509999999999;1
384;90.74;90.74;90.74;3.052400000000004;1
385;88.46;88.46;88.46;28.32839999999997;0
386;79.59;79.59;79.59;57.48190000000001;1
387;135.44;135.44;135.44;6.60639999999999;0
388;98.39;98.39;98.39;255.19790000000012;1
389;74.89;74.89;74.89;224.1179;1
390;125.87;125.87;125.87;40.373100000000015;1
391;93.4;93.4;93.4;18.179999999999986;0
392;80.47;80.47;80.47;281.42909999999995;1
393;71.14;71.14;71.14;70.54040000000018;1
394;66.56;66.56;66.56;54.106400000000015;1
395;80.22;80.22;80.22;9.511599999999989;0
396;103.03;103.03;103.03;11.649100000000002;0
397;101.62;101.62;101.62;50.87559999999998;1
398;97.2;97.2;97.2;7.499999999999997;0
399;51.62;51.62;51.62;19.835599999999953;1
400;84.71;84.71;84.71;137.3259;1
401;103.98;103.98;103.98;3.179600000000002;0
402;123.83;123.83;123.83;20.521100000000025;0
403;93.58;93.58;93.58;1.1835999999999998;0
404;88.51;88.51;88.51;1.2299000000000027;0
405;100.41;100.41;100.41;11.3819;0
406;4.0;4.0;4.0;0.0;0
407;134.36;134.36;134.36;16.570399999999978;0
408;93.47;93.47;93.47;12.669099999999998;1
409;106.84;106.84;106.84;41.79439999999999;1
410;104.17;104.17;104.17;291.36110000000014;1
411;123.73;123.73;123.73;15.237099999999991;0
412;63.89;63.89;63.89;162.83790000000002;1
413;109.7;109.7;109.7;22.430000000000007;0
414;78.18;78.18;78.18;23.787600000000015;0
415;138.03;138.03;138.03;15.569099999999992;0
416;93.14;93.14;93.14;85.08040000000001;1
417;89.05;89.05;89.05;201.68750000000034;1
418;162.72;162.72;162.72;36.121600000000036;0
419;110.85;110.85;110.85;26.427499999999988;0
420;107.14;107.14;107.14;37.04040000000002;1
421;175.94;175.94;175.94;10.276400000000006;0
422;104.88;104.88;104.88;42.00559999999993;1
423;216.12;216.12;216.12;3.6455999999999995;0
424;49.91;49.91;49.91;77.70190000000005;1
425;60.89;60.89;60.89;4.837899999999996;0
426;84.91;84.91;84.91;60.7019;1
427;233.75;233.75;233.75;5.6675;0
428;143.5;143.5;143.5;43.09;1
429;103.86;103.86;103.86;12.920400000000027;0
430;102.72;102.72;102.72;21.621599999999997;0
431;86.95;86.95;86.95;7.487499999999998;0
432;125.53;125.53;125.53;17.709100000000003;0
433;107.05;107.05;107.05;167.42750000000007;1
434;97.43;97.43;97.43;4.445100000000016;0
435;110.62;110.62;110.62;16.31559999999999;0
436;78.35;78.35;78.35;7.647500000000003;0
437;65.38;65.38;65.38;132.45559999999995;1
438;41.49;41.49;41.49;53.12989999999998;1
439;96.87;96.87;96.87;64.91309999999997;1
440;79.69;79.69;79.69;19.31389999999999;0
441;70.34;70.34;70.34;17.80440000000002;1
442;99.84;99.84;99.84;7.774399999999999;0
443;52.85;52.85;52.85;16.267500000000013;1
444;4.0;4.0;4.0;0.0;0
445;63.66;63.66;63.66;4.524400000000011;1
446;132.4;132.4;132.4;16.360000000000014;0
447;77.43;77.43;77.43;116.3051;1
448;4.0;4.0;4.0;0.0;0
449;71.67;71.67;71.67;35.96109999999996;1
450;122.99;122.99;122.99;329.92990000000003;0
451;93.23;93.23;93.23;4.917100000000009;0
452;74.09;74.09;74.09;9.6619;0
453;111.2;111.2;111.2;30.51999999999999;0
454;57.81;57.81;57.81;31.973900000000018;1
455;105.67;105.67;105.67;15.681099999999994;0
456;136.74;136.74;136.74;6.472399999999986;0
457;78.56;78.56;78.56;17.086399999999987;1
458;96.52;96.52;96.52;116.40960000000001;1
459;113.48;113.48;113.48;16.929599999999997;0
460;69.75;69.75;69.75;205.0675;1
461;156.49;156.49;156.49;7.8098999999999945;0
462;105.78;105.78;105.78;3.4116;0
463;82.83;82.83;82.83;4.941099999999998;0
464;101.19;101.19;101.19;21.093900000000012;0
465;62.81;62.81;62.81;31.6339;1
466;193.64;193.64;193.64;4.630399999999991;0
467;121.45;121.45;121.45;284.4274999999999;1
468;3.0;3.0;3.0;0.0;0
469;103.36;103.36;103.36;34.89040000000002;0
470;99.71;99.71;99.71;376.60589999999996;1
471;160.14;160.14;160.14;0.9604000000000008;0
472;101.61;101.61;101.61;34.81789999999999;0
473;85.12;85.12;85.12;53.425599999999974;1
474;61.82;61.82;61.82;41.44759999999999;1
475;108.93;108.93;108.93;187.9850999999999;1
476;78.28;78.28;78.28;39.861599999999996;1
477;97.91;97.91;97.91;149.44190000000006;1
478;126.19;126.19;126.19;51.25389999999994;1
479;95.22;95.22;95.22;32.97160000000002;1
480;82.11;82.11;82.11;473.5578999999998;1
481;94.61;94.61;94.61;6.717899999999999;0
482;100.24;100.24;100.24;22.42239999999997;0
483;90.81;90.81;90.81;14.113899999999964;1
484;71.89;71.89;71.89;75.13789999999999;1
485;79.8;79.8;79.8;17.240000000000006;0
486;71.51;71.51;71.51;67.8899;0
487;108.39;108.39;108.39;36.157900000000005;1
488;90.64;90.64;90.64;4.290400000000001;0
489;58.14;58.14;58.14;73.84040000000012;1
490;123.35;123.35;123.35;15.787499999999994;0
491;82.34;82.34;82.34;64.82440000000004;1
492;93.14;93.14;93.14;26.660400000000003;1
493;43.58;43.58;43.58;17.423599999999993;0
494;93.76;93.76;93.76;20.722399999999997;0
495;64.44;64.44;64.44;56.48639999999998;1
496;136.11;136.11;136.11;16.977899999999966;0
497;106.14;106.14;106.14;327.76040000000006;0
498;77.07;77.07;77.07;50.56510000000001;1
499;121.74;121.74;121.74;30.97240000000002;0
