Lp;R;G;B;War;Dec
0;153.8;153.8;153.8;51.320000000000086;1
1;112.96;112.96;112.96;5.9183999999999966;0
2;76.08;76.08;76.08;4.533600000000004;0
3;99.82;99.82;99.82;20.907600000000013;1
4;71.64;71.64;71.64;7.610399999999999;0
5;3.9;3.9;3.9;0.08999999999999993;0
6;71.68;71.68;71.68;9.637599999999994;1
7;104.5;104.5;104.5;4.57;0
8;121.35;121.35;121.35;8.627499999999996;0
9;73.66;73.66;73.66;11.70439999999998;0
10;89.75;89.75;89.75;19.6275;1
11;99.43;99.43;99.43;16.365099999999995;0
12;3.0;3.0;3.0;0.0;0
13;83.1;83.1;83.1;8.21;0
14;154.43;154.43;154.43;17.40509999999998;0
15;75.38;75.38;75.38;4.695600000000007;0
16;92.9;92.9;92.9;44.870000000000026;0
17;96.17;96.17;96.17;10.441100000000002;0
18;107.71;107.71;107.71;6.325899999999997;1
19;66.31;66.31;66.31;3.7538999999999882;0
20;137.4;137.4;137.4;46.07999999999998;0
21;76.2;76.2;76.2;11.960000000000006;0
22;126.54;126.54;126.54;4.448400000000003;0
23;124.82;124.82;124.82;3.607599999999994;0
24;109.3;109.3;109.3;12.729999999999992;0
25;102.63;102.63;102.63;16.63309999999999;0
26;122.12;122.12;122.12;24.9056;0
27;77.13;77.13;77.13;5.533100000000004;0
28;78.14;78.14;78.14;112.74040000000004;1
29;147.05;147.05;147.05;14.327500000000027;0
30;104.86;104.86;104.86;14.360400000000032;0
31;118.38;118.38;118.38;26.035599999999988;0
32;149.72;149.72;149.72;5.761599999999992;0
33;65.69;65.69;65.69;9.013899999999982;1
34;122.17;122.17;122.17;10.581100000000006;0
35;96.11;96.11;96.11;25.6379;1
36;43.22;43.22;43.22;10.211600000000008;1
37;105.28;105.28;105.28;4.081599999999991;0
38;99.71;99.71;99.71;53.88589999999995;0
39;57.49;57.49;57.49;2.2699;0
40;132.68;132.68;132.68;64.07759999999999;0
41;98.63;98.63;98.63;7.893099999999995;0
42;56.88;56.88;56.88;4.365600000000002;0
43;75.34;75.34;75.34;2.6843999999999983;0
44;66.11;66.11;66.11;16.4979;0
45;62.28;62.28;62.28;70.34159999999991;1
46;58.64;58.64;58.64;133.6304000000001;1
47;74.2;74.2;74.2;73.84000000000002;1
48;84.83;84.83;84.83;28.921100000000006;0
49;72.25;72.25;72.25;3.7475;0
50;56.44;56.44;56.44;36.4464;1
51;4.0;4.0;4.0;0.0;0
52;105.36;105.36;105.36;9.430400000000002;0
53;98.46;98.46;98.46;30.5484;0
54;80.09;80.09;80.09;10.881899999999996;0
55;116.86;116.86;116.86;70.42039999999999;1
56;100.23;100.23;100.23;7.437100000000011;0
57;99.65;99.65;99.65;5.047500000000006;0
58;60.51;60.51;60.51;53.02989999999999;1
59;122.46;122.46;122.46;20.208399999999997;0
60;72.07;72.07;72.07;11.365100000000018;0
61;108.15;108.15;108.15;30.867500000000025;0
62;116.01;116.01;116.01;15.689899999999986;0
63;86.08;86.08;86.08;100.6336;1
64;106.22;106.22;106.22;13.411600000000012;0
65;109.43;109.43;109.43;424.30509999999936;0
66;123.58;123.58;123.58;11.103599999999984;0
67;64.47;64.47;64.47;218.14909999999998;0
68;62.59;62.59;62.59;324.7418999999998;1
69;123.44;123.44;123.44;10.646399999999973;0
70;81.63;81.63;81.63;9.673099999999982;0
71;101.12;101.12;101.12;16.32560000000002;1
72;93.75;93.75;93.75;11.2275;0
73;62.97;62.97;62.97;10.809099999999999;0
74;87.05;87.05;87.05;7.347500000000015;1
75;75.01;75.01;75.01;8.709899999999992;0
76;84.76;84.76;84.76;51.56239999999999;1
77;58.68;58.68;58.68;1.797599999999997;0
78;124.25;124.25;124.25;4.8875;0
79;128.59;128.59;128.59;14.821900000000008;0
80;108.29;108.29;108.29;21.505899999999976;0
81;138.09;138.09;138.09;13.981899999999996;0
82;120.83;120.83;120.83;11.481100000000001;0
83;92.9;92.9;92.9;36.609999999999985;0
84;140.93;140.93;140.93;32.92509999999993;0
85;4.0;4.0;4.0;0.0;0
86;91.78;91.78;91.78;10.511599999999994;0
87;108.15;108.15;108.15;11.327499999999995;0
88;203.28;203.28;203.28;1.6215999999999975;0
89;134.2;134.2;134.2;61.93999999999999;0
90;4.0;4.0;4.0;0.0;0
91;86.52;86.52;86.52;62.88960000000003;1
92;106.45;106.45;106.45;24.107499999999977;0
93;48.94;48.94;48.94;13.056399999999991;1
94;77.39;77.39;77.39;5.797899999999995;0
95;131.14;131.14;131.14;336.36039999999997;0
96;99.38;99.38;99.38;3.015600000000001;0
97;104.81;104.81;104.81;11.4339;0
98;80.92;80.92;80.92;12.973600000000006;0
99;110.83;110.83;110.83;4.161099999999998;0
100;70.25;70.25;70.25;122.8475;1
101;67.42;67.42;67.42;65.3636;1
102;112.98;112.98;112.98;21.639600000000026;0
103;123.8;123.8;123.8;3.940000000000006;0
104;94.53;94.53;94.53;3.1090999999999984;0
105;44.09;44.09;44.09;4.221900000000006;0
106;123.27;123.27;123.27;203.91709999999998;0
107;135.52;135.52;135.52;17.149600000000028;0
108;97.41;97.41;97.41;4.421899999999993;0
109;115.98;115.98;115.98;9.519599999999995;0
110;102.53;102.53;102.53;5.329099999999988;0
111;55.29;55.29;55.29;17.345900000000018;1
112;4.0;4.0;4.0;0.0;0
113;3.27;3.27;3.27;0.19710000000000022;0
114;128.8;128.8;128.8;14.199999999999994;0
115;59.05;59.05;59.05;3.127499999999999;0
116;77.82;77.82;77.82;12.867600000000017;1
117;105.48;105.48;105.48;9.169600000000024;0
118;65.44;65.44;65.44;3.4064000000000045;0
119;106.81;106.81;106.81;15.2939;0
120;107.0;107.0;107.0;11.24;0
121;92.68;92.68;92.68;7.577599999999995;0
122;84.57;84.57;84.57;15.7051;0
123;68.96;68.96;68.96;41.17839999999997;1
124;102.27;102.27;102.27;4.697099999999989;0
125;55.39;55.39;55.39;12.557900000000014;0
126;4.0;4.0;4.0;0.0;0
127;80.5;80.5;80.5;36.19;0
128;161.73;161.73;161.73;49.917099999999955;0
129;57.32;57.32;57.32;6.837599999999999;1
130;111.74;111.74;111.74;19.1124;0
131;61.99;61.99;61.99;2.509899999999997;0
132;61.85;61.85;61.85;13.687500000000005;1
133;55.45;55.45;55.45;18.127499999999987;1
134;3.0;3.0;3.0;0.0;0
135;88.78;88.78;88.78;7.371599999999997;0
136;59.71;59.71;59.71;12.8259;1
137;156.72;156.72;156.72;87.22160000000001;0
138;4.0;4.0;4.0;0.0;0
139;54.24;54.24;54.24;2.3424000000000014;0
140;4.0;4.0;4.0;0.0;0
141;109.06;109.06;109.06;101.83640000000004;0
142;125.93;125.93;125.93;30.465099999999946;0
143;77.85;77.85;77.85;3.8474999999999984;0
144;74.44;74.44;74.44;6.866399999999985;0
145;59.61;59.61;59.61;17.477899999999973;1
146;83.41;83.41;83.41;31.021900000000013;1
147;112.7;112.7;112.7;7.15;0
148;111.69;111.69;111.69;3.6339;0
149;4.0;4.0;4.0;0.0;0
150;90.71;90.71;90.71;37.685900000000004;0
151;60.8;60.8;60.8;5.700000000000002;1
152;114.97;114.97;114.97;20.789099999999994;0
153;72.79;72.79;72.79;2.445899999999995;0
154;66.45;66.45;66.45;63.567499999999974;1
155;76.79;76.79;76.79;34.48590000000003;1
156;123.44;123.44;123.44;9.226399999999968;0
157;4.0;4.0;4.0;0.0;0
158;58.84;58.84;58.84;52.73440000000005;1
159;81.68;81.68;81.68;4.177599999999994;0
160;124.74;124.74;124.74;9.632400000000013;0
161;130.42;130.42;130.42;7.003600000000004;0
162;82.61;82.61;82.61;1.317899999999998;0
163;4.0;4.0;4.0;0.0;0
164;113.05;113.05;113.05;6.487500000000003;0
165;88.42;88.42;88.42;6.963600000000003;0
166;4.0;4.0;4.0;0.0;0
167;42.2;42.2;42.2;13.859999999999994;1
168;4.0;4.0;4.0;0.0;0
169;170.58;170.58;170.58;1.603599999999998;0
170;68.14;68.14;68.14;23.02040000000001;1
171;97.77;97.77;97.77;11.237100000000003;1
172;136.92;136.92;136.92;18.67360000000002;0
173;108.11;108.11;108.11;27.037899999999997;0
174;87.63;87.63;87.63;4.893100000000008;1
175;103.88;103.88;103.88;24.485599999999987;1
176;83.72;83.72;83.72;16.521599999999992;0
177;138.37;138.37;138.37;10.33309999999998;0
178;54.34;54.34;54.34;127.92440000000025;1
179;169.68;169.68;169.68;11.497599999999997;0
180;71.2;71.2;71.2;16.560000000000006;1
181;46.05;46.05;46.05;3.5075000000000016;0
182;115.41;115.41;115.41;5.621900000000003;0
183;76.71;76.71;76.71;10.865900000000007;1
184;115.9;115.9;115.9;15.050000000000011;0
185;94.27;94.27;94.27;68.17709999999997;0
186;67.32;67.32;67.32;3.237599999999994;1
187;108.7;108.7;108.7;8.089999999999996;0
188;60.09;60.09;60.09;6.921900000000005;0
189;126.62;126.62;126.62;5.115600000000002;0
190;85.49;85.49;85.49;10.329899999999999;0
191;68.08;68.08;68.08;225.69360000000006;0
192;92.33;92.33;92.33;109.7011000000001;1
193;124.9;124.9;124.9;56.17000000000001;1
194;73.96;73.96;73.96;37.118400000000015;1
195;65.32;65.32;65.32;14.177599999999993;1
196;61.64;61.64;61.64;11.4104;1
197;56.01;56.01;56.01;8.469899999999985;0
198;85.82;85.82;85.82;41.56759999999993;1
199;3.0;3.0;3.0;0.0;0
200;75.97;75.97;75.97;10.7291;1
201;96.93;96.93;96.93;8.205100000000018;0
202;134.93;134.93;134.93;7.845100000000008;0
203;95.08;95.08;95.08;14.2736;0
204;105.54;105.54;105.54;12.808399999999986;0
205;129.4;129.4;129.4;40.18000000000001;0
206;46.49;46.49;46.49;27.749900000000004;1
207;87.64;87.64;87.64;73.01040000000006;0
208;60.77;60.77;60.77;34.13710000000002;1
209;99.42;99.42;99.42;9.243600000000018;0
210;51.61;51.61;51.61;63.75790000000002;0
211;114.7;114.7;114.7;25.730000000000008;0
212;85.56;85.56;85.56;1.8264000000000034;0
213;4.0;4.0;4.0;0.0;0
214;88.71;88.71;88.71;2.8059000000000007;0
215;57.94;57.94;57.94;9.056400000000005;1
216;118.34;118.34;118.34;9.88439999999999;0
217;108.04;108.04;108.04;5.7783999999999995;0
218;105.62;105.62;105.62;9.475600000000012;0
219;107.34;107.34;107.34;6.34440000000001;0
220;95.21;95.21;95.21;4.845899999999994;0
221;81.1;81.1;81.1;13.890000000000013;0
222;77.16;77.16;77.16;2.494399999999999;0
223;104.62;104.62;104.62;13.055600000000009;0
224;63.38;63.38;63.38;74.67559999999996;1
225;70.45;70.45;70.45;6.887500000000012;0
226;115.88;115.88;115.88;12.365600000000018;0
227;80.14;80.14;80.14;5.000399999999999;0
228;89.75;89.75;89.75;49.8875;1
229;85.06;85.06;85.06;86.97639999999996;0
230;112.97;112.97;112.97;15.329099999999986;1
231;72.69;72.69;72.69;5.81389999999999;1
232;4.0;4.0;4.0;0.0;0
233;4.0;4.0;4.0;0.0;0
234;82.78;82.78;82.78;8.591599999999998;0
235;66.89;66.89;66.89;39.637899999999995;1
236;116.42;116.42;116.42;12.763600000000014;0
237;69.84;69.84;69.84;6.494400000000007;1
238;109.11;109.11;109.11;24.417899999999964;0
239;4.0;4.0;4.0;0.0;0
240;119.02;119.02;119.02;4.219599999999994;0
241;4.0;4.0;4.0;0.0;0
242;103.46;103.46;103.46;62.2284;1
243;161.57;161.57;161.57;43.02510000000001;1
244;113.89;113.89;113.89;34.0779;1
245;94.83;94.83;94.83;11.1011;1
246;105.26;105.26;105.26;10.0324;0
247;87.62;87.62;87.62;10.67560000000001;1
248;100.51;100.51;100.51;8.509900000000032;0
249;120.85;120.85;120.85;29.087500000000013;1
250;4.0;4.0;4.0;0.0;0
251;91.61;91.61;91.61;12.117900000000002;0
252;4.0;4.0;4.0;0.0;0
253;74.57;74.57;74.57;1.7450999999999983;0
254;89.65;89.65;89.65;9.887499999999998;0
255;73.85;73.85;73.85;12.527499999999996;1
256;101.77;101.77;101.77;6.977100000000006;0
257;60.21;60.21;60.21;4.785900000000003;0
258;4.0;4.0;4.0;0.0;0
259;54.79;54.79;54.79;2.085900000000008;0
260;69.69;69.69;69.69;6.633899999999992;0
261;113.88;113.88;113.88;16.86560000000002;0
262;4.0;4.0;4.0;0.0;0
263;51.94;51.94;51.94;14.736400000000003;1
264;66.64;66.64;66.64;16.590400000000002;1
265;68.02;68.02;68.02;3.6995999999999998;0
266;94.18;94.18;94.18;3.607599999999996;0
267;59.46;59.46;59.46;17.16840000000001;1
268;66.84;66.84;66.84;36.1944;0
269;102.18;102.18;102.18;4.407599999999994;0
270;4.0;4.0;4.0;0.0;0
271;91.25;91.25;91.25;11.6075;0
272;4.0;4.0;4.0;0.0;0
273;146.79;146.79;146.79;224.22590000000005;1
274;114.32;114.32;114.32;12.997600000000006;1
275;3.0;3.0;3.0;0.0;0
276;114.11;114.11;114.11;26.99789999999998;0
277;118.49;118.49;118.49;15.649900000000008;1
278;93.2;93.2;93.2;0.3599999999999983;0
279;115.16;115.16;115.16;66.49439999999997;1
280;87.83;87.83;87.83;58.50110000000003;1
281;98.71;98.71;98.71;2.2059000000000024;0
282;49.89;49.89;49.89;1.1779000000000015;1
283;85.36;85.36;85.36;262.0503999999999;1
284;75.72;75.72;75.72;105.08160000000001;1
285;4.0;4.0;4.0;0.0;0
286;92.31;92.31;92.31;15.63390000000003;0
287;73.67;73.67;73.67;5.141099999999985;0
288;58.37;58.37;58.37;31.73309999999999;1
289;128.45;128.45;128.45;4.747499999999997;0
290;143.95;143.95;143.95;31.247500000000013;1
291;86.7;86.7;86.7;46.31000000000001;1
292;91.55;91.55;91.55;2.6475000000000057;0
293;69.32;69.32;69.32;3.837599999999995;0
294;79.62;79.62;79.62;28.01559999999999;1
295;49.96;49.96;49.96;1.0583999999999993;0
296;134.96;134.96;134.96;8.878400000000012;0
297;77.03;77.03;77.03;3.1091000000000006;0
298;3.0;3.0;3.0;0.0;0
299;71.81;71.81;71.81;6.173899999999992;1
300;82.51;82.51;82.51;109.98989999999986;1
301;36.58;36.58;36.58;4.383600000000003;1
302;97.02;97.02;97.02;87.77960000000002;0
303;105.41;105.41;105.41;160.14189999999996;1
304;99.92;99.92;99.92;16.19359999999994;0
305;140.75;140.75;140.75;33.8675;0
306;4.0;4.0;4.0;0.0;0
307;4.0;4.0;4.0;0.0;0
308;87.75;87.75;87.75;8.0875;0
309;63.25;63.25;63.25;72.3275;1
310;98.73;98.73;98.73;15.857099999999997;0
311;95.11;95.11;95.11;42.11789999999999;1
312;4.0;4.0;4.0;0.0;0
313;115.16;115.16;115.16;4.234399999999998;0
314;51.65;51.65;51.65;16.687500000000025;1
315;4.0;4.0;4.0;0.0;0
316;106.27;106.27;106.27;29.497100000000014;0
317;106.44;106.44;106.44;1.7664000000000002;0
318;129.91;129.91;129.91;14.181900000000017;0
319;102.57;102.57;102.57;20.005100000000006;1
320;4.36;4.36;4.36;1.8704000000000012;0
321;4.0;4.0;4.0;0.0;0
322;94.85;94.85;94.85;69.96749999999997;0
323;73.12;73.12;73.12;26.76559999999998;0
324;80.77;80.77;80.77;58.797100000000015;1
325;115.03;115.03;115.03;356.90909999999985;1
326;165.64;165.64;165.64;12.230399999999975;0
327;85.46;85.46;85.46;42.62839999999995;0
328;103.28;103.28;103.28;118.8216000000002;1
329;100.41;100.41;100.41;3.9019;0
330;100.76;100.76;100.76;14.222399999999995;0
331;4.0;4.0;4.0;0.0;0
332;149.33;149.33;149.33;19.36110000000002;0
333;77.46;77.46;77.46;14.168400000000007;0
334;75.63;75.63;75.63;281.41310000000084;1
335;73.87;73.87;73.87;11.693099999999994;1
336;83.83;83.83;83.83;4.761100000000001;0
337;83.05;83.05;83.05;4.567500000000006;0
338;115.88;115.88;115.88;55.46559999999995;1
339;101.37;101.37;101.37;24.773099999999996;1
340;4.0;4.0;4.0;0.0;0
341;93.25;93.25;93.25;3.3675;0
342;73.43;73.43;73.43;5.025100000000007;1
343;148.92;148.92;148.92;10.693600000000014;0
344;98.69;98.69;98.69;13.193900000000006;0
345;119.67;119.67;119.67;82.44110000000005;0
346;81.93;81.93;81.93;9.28510000000001;0
347;129.35;129.35;129.35;38.74749999999999;1
348;82.04;82.04;82.04;5.758400000000006;0
349;82.69;82.69;82.69;198.6739;1
350;43.39;43.39;43.39;6.017899999999998;1
351;73.55;73.55;73.55;28.747499999999953;0
352;59.53;59.53;59.53;41.869099999999996;1
353;104.29;104.29;104.29;50.76589999999998;0
354;4.0;4.0;4.0;0.0;0
355;56.79;56.79;56.79;8.145900000000005;0
356;84.92;84.92;84.92;7.353600000000012;0
357;73.95;73.95;73.95;20.22750000000003;0
358;89.73;89.73;89.73;107.57710000000003;0
359;83.12;83.12;83.12;30.90559999999999;0
360;4.0;4.0;4.0;0.0;0
361;64.18;64.18;64.18;5.9075999999999995;0
362;4.0;4.0;4.0;0.0;0
363;93.89;93.89;93.89;35.5779;1
364;72.89;72.89;72.89;2.9978999999999987;0
365;113.5;113.5;113.5;51.99;1
366;123.92;123.92;123.92;242.45359999999997;1
367;134.15;134.15;134.15;9.007499999999997;0
368;86.04;86.04;86.04;1.8983999999999976;0
369;45.84;45.84;45.84;19.45440000000004;0
370;118.48;118.48;118.48;1.8695999999999997;0
371;115.7;115.7;115.7;31.44999999999999;0
372;55.8;55.8;55.8;2.2199999999999984;1
373;103.12;103.12;103.12;14.625600000000016;0
374;110.46;110.46;110.46;9.54839999999999;0
375;90.8;90.8;90.8;29.940000000000047;0
376;81.55;81.55;81.55;10.007500000000004;0
377;132.9;132.9;132.9;61.950000000000024;0
378;102.06;102.06;102.06;14.896399999999987;0
379;90.01;90.01;90.01;17.409899999999972;0
380;128.08;128.08;128.08;160.7536;0
381;77.42;77.42;77.42;14.643599999999987;1
382;62.18;62.18;62.18;10.187600000000003;0
383;83.58;83.58;83.58;7.723600000000006;0
384;120.71;120.71;120.71;7.585899999999976;0
385;63.95;63.95;63.95;2.227499999999999;0
386;120.38;120.38;120.38;83.93559999999994;0
387;76.99;76.99;76.99;8.529899999999992;0
388;108.51;108.51;108.51;1.6899000000000017;0
389;128.89;128.89;128.89;6.5579000000000045;0
390;123.22;123.22;123.22;44.01159999999995;0
391;85.91;85.91;85.91;2.7819000000000096;0
392;72.45;72.45;72.45;2.667500000000004;0
393;136.36;136.36;136.36;16.250399999999974;0
394;113.53;113.53;113.53;154.76909999999995;0
395;60.36;60.36;60.36;4.1303999999999945;0
396;93.61;93.61;93.61;46.75790000000001;1
397;124.27;124.27;124.27;6.917100000000002;1
398;73.93;73.93;73.93;9.845100000000008;0
399;105.47;105.47;105.47;4.369099999999981;0
400;3.0;3.0;3.0;0.0;0
401;68.77;68.77;68.77;33.39710000000001;1
402;119.97;119.97;119.97;25.949099999999973;0
403;91.32;91.32;91.32;62.55760000000003;1
404;104.7;104.7;104.7;34.07000000000007;0
405;80.47;80.47;80.47;162.38910000000007;0
406;3.0;3.0;3.0;0.0;0
407;135.01;135.01;135.01;26.569900000000022;0
408;90.58;90.58;90.58;23.203600000000012;0
409;80.35;80.35;80.35;54.72749999999995;1
410;72.35;72.35;72.35;196.0474999999999;0
411;4.0;4.0;4.0;0.0;0
412;3.0;3.0;3.0;0.0;0
413;96.36;96.36;96.36;284.4704000000002;0
414;121.84;121.84;121.84;13.834400000000006;0
415;4.0;4.0;4.0;0.0;0
416;4.0;4.0;4.0;0.0;0
417;82.76;82.76;82.76;10.942400000000003;0
418;85.11;85.11;85.11;8.437900000000006;0
419;113.33;113.33;113.33;21.461100000000005;0
420;4.0;4.0;4.0;0.0;0
421;116.76;116.76;116.76;6.3824000000000005;0
422;93.24;93.24;93.24;171.96239999999997;1
423;4.3;4.3;4.3;0.5100000000000026;0
424;55.7;55.7;55.7;10.190000000000007;1
425;135.01;135.01;135.01;9.129899999999983;0
426;77.01;77.01;77.01;44.389900000000004;0
427;87.28;87.28;87.28;65.50159999999998;0
428;93.69;93.69;93.69;6.393899999999979;0
429;95.99;95.99;95.99;11.029899999999984;0
430;78.48;78.48;78.48;59.0296000000001;1
431;68.04;68.04;68.04;3.5383999999999993;0
432;74.76;74.76;74.76;11.102399999999998;1
433;4.54;4.54;4.54;1.3283999999999991;0
434;113.59;113.59;113.59;12.76189999999999;0
435;78.16;78.16;78.16;6.394400000000007;0
436;60.71;60.71;60.71;4.765899999999998;1
437;4.23;4.23;4.23;1.1570999999999958;0
438;51.01;51.01;51.01;8.329899999999995;1
439;62.15;62.15;62.15;123.04749999999989;1
440;86.57;86.57;86.57;4.145100000000005;0
441;155.53;155.53;155.53;27.929099999999973;0
442;4.0;4.0;4.0;0.0;0
443;86.9;86.9;86.9;3.0699999999999963;0
444;52.83;52.83;52.83;53.64110000000002;1
445;73.62;73.62;73.62;4.915600000000017;0
446;120.6;120.6;120.6;8.340000000000002;0
447;71.94;71.94;71.94;7.716400000000005;1
448;85.95;85.95;85.95;15.367500000000012;0
449;96.53;96.53;96.53;30.869100000000003;1
450;99.06;99.06;99.06;17.836399999999987;0
451;109.48;109.48;109.48;8.349600000000022;0
452;97.41;97.41;97.41;4.2019;0
453;96.28;96.28;96.28;17.96159999999999;0
454;95.11;95.11;95.11;2.917899999999999;0
455;88.78;88.78;88.78;87.41160000000004;1
456;3.0;3.0;3.0;0.0;0
457;4.0;4.0;4.0;0.0;0
458;109.77;109.77;109.77;10.517100000000006;0
459;72.37;72.37;72.37;12.033099999999996;1
460;89.19;89.19;89.19;177.09389999999993;1
461;123.43;123.43;123.43;47.925100000000114;1
462;127.69;127.69;127.69;4.793899999999991;0
463;70.97;70.97;70.97;3.529100000000001;0
464;81.8;81.8;81.8;9.779999999999998;0
465;77.66;77.66;77.66;149.92439999999996;0
466;77.9;77.9;77.9;18.690000000000005;1
467;112.73;112.73;112.73;20.7971;1
468;96.88;96.88;96.88;15.185600000000019;0
469;85.08;85.08;85.08;7.533600000000004;0
470;66.76;66.76;66.76;1.2423999999999982;0
471;71.11;71.11;71.11;27.57790000000002;0
472;59.06;59.06;59.06;2.1364000000000036;0
473;3.09;3.09;3.09;0.44189999999999896;0
474;130.39;130.39;130.39;39.417899999999975;0
475;80.74;80.74;80.74;47.9724;0
476;4.0;4.0;4.0;0.0;0
477;4.0;4.0;4.0;0.0;0
478;71.14;71.14;71.14;2254.7403999999983;0
479;81.76;81.76;81.76;3.4224000000000037;0
480;4.0;4.0;4.0;0.0;0
481;86.87;86.87;86.87;9.273099999999992;0
482;4.0;4.0;4.0;0.0;0
483;84.46;84.46;84.46;14.4684;0
484;144.09;144.09;144.09;6.541900000000012;0
485;90.77;90.77;90.77;16.4771;0
486;92.42;92.42;92.42;3.1436;0
487;97.5;97.5;97.5;191.25;1
488;4.0;4.0;4.0;0.0;0
489;91.57;91.57;91.57;59.02510000000002;1
490;53.3;53.3;53.3;4.20999999999999;0
491;107.86;107.86;107.86;5.6004;0
492;76.96;76.96;76.96;2.738399999999999;0
493;141.99;141.99;141.99;75.52989999999998;0
494;62.36;62.36;62.36;17.33040000000001;1
495;63.42;63.42;63.42;2.4435999999999996;0
496;103.87;103.87;103.87;6.273100000000002;0
497;135.33;135.33;135.33;33.04109999999998;0
498;115.94;115.94;115.94;33.416399999999975;0
499;92.79;92.79;92.79;6.105899999999996;0
