Lp;R;G;B;War;Dec
0;108.95;108.95;108.95;101.14750000000008;1
1;113.97;113.97;113.97;14.829100000000007;1
2;90.9;90.9;90.9;25.510000000000044;0
3;102.67;102.67;102.67;18.841099999999983;1
4;145.98;145.98;145.98;62.43960000000004;0
5;104.84;104.84;104.84;7.4344;1
6;85.88;85.88;85.88;32.00559999999999;0
7;81.74;81.74;81.74;64.1524;1
8;116.38;116.38;116.38;16.375599999999952;0
9;90.05;90.05;90.05;14.487500000000024;1
10;91.0;91.0;91.0;9.42;0
11;98.56;98.56;98.56;125.62640000000005;1
12;103.64;103.64;103.64;16.710399999999993;0
13;57.97;57.97;57.97;3.3291000000000017;1
14;52.12;52.12;52.12;33.6656;1
15;70.78;70.78;70.78;1.5315999999999996;0
16;62.05;62.05;62.05;58.94749999999994;1
17;139.4;139.4;139.4;31.440000000000012;0
18;92.78;92.78;92.78;11.011599999999977;0
19;98.06;98.06;98.06;13.776399999999992;0
20;95.27;95.27;95.27;1.7971000000000048;0
21;5.02;5.02;5.02;2.0196000000000036;0
22;85.52;85.52;85.52;8.249600000000001;0
23;81.59;81.59;81.59;249.8618999999998;1
24;4.08;4.08;4.08;0.15359999999999938;0
25;75.38;75.38;75.38;48.43559999999999;1
26;72.2;72.2;72.2;32.40000000000001;0
27;4.09;4.09;4.09;0.26189999999999924;0
28;60.36;60.36;60.36;13.570400000000006;1
29;83.27;83.27;83.27;53.73710000000001;1
30;59.38;59.38;59.38;4.935600000000001;0
31;108.64;108.64;108.64;5.350400000000002;0
32;59.54;59.54;59.54;42.64839999999998;1
33;68.96;68.96;68.96;50.55840000000002;1
34;107.72;107.72;107.72;28.24160000000001;0
35;98.0;98.0;98.0;11.78;1
36;84.94;84.94;84.94;6.396400000000003;0
37;108.75;108.75;108.75;9.2875;0
38;67.06;67.06;67.06;24.3764;1
39;59.99;59.99;59.99;16.20989999999999;1
40;39.54;39.54;39.54;64.32839999999999;0
41;89.58;89.58;89.58;14.903599999999994;0
42;86.85;86.85;86.85;8.847500000000021;0
43;63.54;63.54;63.54;122.10839999999999;1
44;95.73;95.73;95.73;3.95709999999999;0
45;91.19;91.19;91.19;10.513899999999998;1
46;67.68;67.68;67.68;12.25760000000001;1
47;4.0;4.0;4.0;0.0;0
48;116.55;116.55;116.55;20.52749999999999;0
49;75.25;75.25;75.25;12.2475;0
50;64.13;64.13;64.13;0.9730999999999991;0
51;69.9;69.9;69.9;29.890000000000025;1
52;83.8;83.8;83.8;90.80000000000007;1
53;146.38;146.38;146.38;19.575600000000005;0
54;71.4;71.4;71.4;2.9999999999999987;0
55;78.29;78.29;78.29;5.485899999999999;0
56;98.36;98.36;98.36;7.7303999999999995;0
57;89.19;89.19;89.19;17.213899999999995;0
58;95.73;95.73;95.73;144.93709999999993;1
59;73.46;73.46;73.46;15.648400000000004;0
60;73.1;73.1;73.1;41.77000000000001;0
61;113.37;113.37;113.37;18.2731;0
62;138.65;138.65;138.65;1.6275000000000053;0
63;94.83;94.83;94.83;1.601099999999997;0
64;124.5;124.5;124.5;11.77;0
65;65.04;65.04;65.04;72.63839999999998;1
66;95.26;95.26;95.26;5.872400000000013;0
67;87.61;87.61;87.61;37.11790000000008;0
68;73.3;73.3;73.3;1.7100000000000015;0
69;85.41;85.41;85.41;5.061899999999991;0
70;4.0;4.0;4.0;0.0;0
71;109.81;109.81;109.81;21.073899999999988;0
72;4.0;4.0;4.0;0.0;0
73;58.78;58.78;58.78;41.85159999999998;1
74;125.06;125.06;125.06;55.85639999999997;0
75;140.6;140.6;140.6;13.56;0
76;97.41;97.41;97.41;9.621899999999993;0
77;82.87;82.87;82.87;160.13309999999984;1
78;91.46;91.46;91.46;40.308400000000006;0
79;96.94;96.94;96.94;16.916400000000007;1
80;78.15;78.15;78.15;22.887499999999992;1
81;64.95;64.95;64.95;5.287500000000006;0
82;58.83;58.83;58.83;73.98109999999984;1
83;93.98;93.98;93.98;35.679600000000015;0
84;101.19;101.19;101.19;3.5538999999999987;0
85;97.04;97.04;97.04;2.9184000000000028;0
86;86.18;86.18;86.18;59.76759999999997;1
87;4.0;4.0;4.0;0.0;0
88;110.0;110.0;110.0;4.92;0
89;107.73;107.73;107.73;557.7971000000001;0
90;60.29;60.29;60.29;2.365900000000005;0
91;95.13;95.13;95.13;3.7531000000000017;0
92;3.27;3.27;3.27;0.7371000000000026;0
93;108.57;108.57;108.57;8.885099999999996;0
94;113.3;113.3;113.3;10.489999999999991;0
95;62.56;62.56;62.56;30.406399999999984;1
96;90.76;90.76;90.76;18.44240000000001;0
97;80.64;80.64;80.64;15.410399999999994;0
98;73.98;73.98;73.98;0.9995999999999994;0
99;60.12;60.12;60.12;14.80560000000001;0
100;50.44;50.44;50.44;23.886400000000002;1
101;48.26;48.26;48.26;41.81240000000002;1
102;106.52;106.52;106.52;8.049600000000003;0
103;112.55;112.55;112.55;5.687500000000003;0
104;87.36;87.36;87.36;12.970399999999996;0
105;4.7;4.7;4.7;0.909999999999999;0
106;85.6;85.6;85.6;12.419999999999986;0
107;81.31;81.31;81.31;25.77390000000002;1
108;116.35;116.35;116.35;25.387499999999957;0
109;87.94;87.94;87.94;6.656400000000003;0
110;88.31;88.31;88.31;14.413899999999988;1
111;80.33;80.33;80.33;11.301100000000003;0
112;4.0;4.0;4.0;0.0;0
113;66.58;66.58;66.58;4.303600000000014;1
114;67.01;67.01;67.01;4.169900000000003;0
115;47.57;47.57;47.57;18.605100000000007;1
116;65.64;65.64;65.64;50.11040000000005;1
117;90.61;90.61;90.61;16.117899999999995;1
118;4.0;4.0;4.0;0.0;0
119;60.57;60.57;60.57;37.30509999999997;1
120;60.47;60.47;60.47;17.789099999999987;0
121;109.29;109.29;109.29;4.72589999999999;0
122;74.71;74.71;74.71;63.26589999999993;1
123;95.32;95.32;95.32;8.277599999999994;0
124;128.38;128.38;128.38;68.27560000000001;0
125;35.34;35.34;35.34;2.464399999999999;1
126;54.31;54.31;54.31;11.673899999999987;1
127;76.81;76.81;76.81;8.673900000000007;0
128;115.76;115.76;115.76;2.622400000000003;0
129;112.97;112.97;112.97;142.76910000000004;1
130;117.65;117.65;117.65;12.087499999999991;0
131;66.23;66.23;66.23;5.957100000000002;0
132;77.55;77.55;77.55;2.267500000000006;0
133;69.78;69.78;69.78;27.731599999999986;1
134;95.41;95.41;95.41;8.961900000000021;0
135;69.6;69.6;69.6;45.25999999999998;0
136;86.44;86.44;86.44;9.146399999999996;1
137;144.57;144.57;144.57;4.6851;0
138;78.1;78.1;78.1;4.109999999999993;0
139;84.47;84.47;84.47;10.549099999999996;0
140;85.09;85.09;85.09;13.221900000000009;1
141;70.56;70.56;70.56;49.50640000000002;1
142;81.03;81.03;81.03;20.549099999999985;0
143;136.4;136.4;136.4;16.61999999999997;0
144;90.59;90.59;90.59;3.9419;0
145;136.51;136.51;136.51;25.90989999999998;0
146;131.63;131.63;131.63;88.23310000000012;1
147;107.17;107.17;107.17;7.5211;1
148;67.72;67.72;67.72;8.401600000000014;0
149;83.91;83.91;83.91;2.261900000000006;0
150;72.46;72.46;72.46;2.008400000000001;0
151;122.61;122.61;122.61;4.057900000000003;0
152;85.97;85.97;85.97;54.809100000000036;1
153;114.06;114.06;114.06;8.276400000000004;0
154;103.92;103.92;103.92;12.813599999999987;0
155;76.9;76.9;76.9;10.69;0
156;132.28;132.28;132.28;27.2016;0
157;78.81;78.81;78.81;2.7739000000000025;0
158;57.71;57.71;57.71;2.2459;1
159;61.29;61.29;61.29;96.56590000000001;1
160;95.46;95.46;95.46;2.5284000000000053;0
161;150.15;150.15;150.15;16.08750000000001;0
162;114.83;114.83;114.83;8.561100000000014;0
163;84.84;84.84;84.84;2.4143999999999988;0
164;4.0;4.0;4.0;0.0;0
165;4.0;4.0;4.0;0.0;0
166;70.09;70.09;70.09;2.701900000000006;0
167;88.48;88.48;88.48;5.329600000000005;0
168;83.65;83.65;83.65;6.807500000000002;0
169;110.51;110.51;110.51;7.389899999999992;0
170;89.12;89.12;89.12;1.2055999999999971;0
171;93.74;93.74;93.74;32.792399999999965;1
172;123.09;123.09;123.09;44.66189999999996;1
173;99.55;99.55;99.55;22.78749999999999;1
174;61.91;61.91;61.91;4.041900000000008;0
175;83.23;83.23;83.23;4.677099999999998;0
176;3.6;3.6;3.6;0.23999999999999996;0
177;88.13;88.13;88.13;8.753099999999991;1
178;122.44;122.44;122.44;5.626399999999973;0
179;84.23;84.23;84.23;5.117099999999996;0
180;4.0;4.0;4.0;0.0;0
181;4.0;4.0;4.0;0.0;0
182;137.43;137.43;137.43;4.525100000000002;0
183;107.55;107.55;107.55;5.947499999999999;0
184;71.11;71.11;71.11;4.957899999999998;0
185;59.85;59.85;59.85;8.267500000000004;0
186;57.46;57.46;57.46;18.2684;1
187;73.05;73.05;73.05;2.507499999999999;0
188;100.65;100.65;100.65;1.3075000000000008;0
189;84.51;84.51;84.51;146.50990000000002;1
190;92.05;92.05;92.05;41.64750000000002;0
191;72.26;72.26;72.26;1.8323999999999963;0
192;100.02;100.02;100.02;10.959599999999995;0
193;73.58;73.58;73.58;118.82360000000006;0
194;52.63;52.63;52.63;4.8531;0
195;88.98;88.98;88.98;106.49959999999999;1
196;4.0;4.0;4.0;0.0;0
197;107.47;107.47;107.47;4.7090999999999905;0
198;102.08;102.08;102.08;7.113600000000009;0
199;80.16;80.16;80.16;5.294399999999999;0
200;62.04;62.04;62.04;92.57840000000007;1
201;46.79;46.79;46.79;19.50589999999999;1
202;81.92;81.92;81.92;18.013599999999983;0
203;125.62;125.62;125.62;14.415599999999971;0
204;146.38;146.38;146.38;214.29560000000004;1
205;59.48;59.48;59.48;8.40960000000001;1
206;100.04;100.04;100.04;9.738399999999997;1
207;105.07;105.07;105.07;17.14510000000001;0
208;101.71;101.71;101.71;22.365899999999996;0
209;90.71;90.71;90.71;7.065899999999992;0
210;65.25;65.25;65.25;6.0875;1
211;110.33;110.33;110.33;3.321099999999998;0
212;104.81;104.81;104.81;8.91390000000001;0
213;86.28;86.28;86.28;66.94160000000005;1
214;178.26;178.26;178.26;148.7924000000001;0
215;102.29;102.29;102.29;30.8259;1
216;82.69;82.69;82.69;31.833899999999964;1
217;104.62;104.62;104.62;12.695599999999995;0
218;49.5;49.5;49.5;60.01;1
219;89.28;89.28;89.28;4.861599999999992;0
220;109.11;109.11;109.11;10.677899999999996;0
221;90.79;90.79;90.79;60.525900000000064;0
222;109.94;109.94;109.94;23.716399999999986;0
223;91.95;91.95;91.95;7.667500000000012;1
224;56.76;56.76;56.76;10.722400000000004;1
225;96.61;96.61;96.61;8.157900000000014;0
226;4.0;4.0;4.0;0.0;0
227;101.75;101.75;101.75;14.6475;0
228;46.61;46.61;46.61;42.51790000000002;1
229;58.9;58.9;58.9;3.0699999999999985;0
230;4.0;4.0;4.0;0.0;0
231;88.09;88.09;88.09;9.821900000000012;0
232;129.15;129.15;129.15;41.38750000000001;0
233;99.16;99.16;99.16;43.17439999999997;0
234;127.29;127.29;127.29;43.98589999999995;0
235;94.75;94.75;94.75;61.3875;0
236;74.55;74.55;74.55;3.027500000000003;1
237;111.67;111.67;111.67;7.761099999999992;0
238;115.72;115.72;115.72;82.4816;0
239;4.0;4.0;4.0;0.0;0
240;58.17;58.17;58.17;24.041100000000036;1
241;70.16;70.16;70.16;4.334399999999999;0
242;4.32;4.32;4.32;0.5376000000000004;0
243;4.0;4.0;4.0;0.0;0
244;78.26;78.26;78.26;17.392400000000002;1
245;65.31;65.31;65.31;14.633899999999983;0
246;115.36;115.36;115.36;25.690399999999986;1
247;95.62;95.62;95.62;11.155600000000002;0
248;96.53;96.53;96.53;11.609099999999986;0
249;103.14;103.14;103.14;5.160400000000005;0
250;5.2;5.2;5.2;2.1599999999999997;0
251;63.57;63.57;63.57;7.125100000000009;1
252;65.64;65.64;65.64;3.5904000000000074;0
253;55.23;55.23;55.23;16.517099999999996;1
254;104.12;104.12;104.12;38.58559999999998;0
255;107.62;107.62;107.62;52.15560000000005;1
256;96.71;96.71;96.71;65.8859;0
257;4.0;4.0;4.0;0.0;0
258;4.0;4.0;4.0;0.0;0
259;74.17;74.17;74.17;9.041100000000013;0
260;95.18;95.18;95.18;7.707600000000021;1
261;52.51;52.51;52.51;40.309899999999956;1
262;93.13;93.13;93.13;2.213099999999994;0
263;96.94;96.94;96.94;7.816400000000006;0
264;105.34;105.34;105.34;10.064400000000012;0
265;121.87;121.87;121.87;19.673100000000048;0
266;81.29;81.29;81.29;47.58589999999997;0
267;70.75;70.75;70.75;11.5875;1
268;97.72;97.72;97.72;41.64160000000003;1
269;106.37;106.37;106.37;9.513099999999982;0
270;62.98;62.98;62.98;4.2795999999999985;0
271;62.05;62.05;62.05;5.907500000000002;0
272;75.28;75.28;75.28;11.601600000000005;0
273;56.04;56.04;56.04;1.3783999999999996;0
274;103.17;103.17;103.17;9.381100000000007;0
275;4.0;4.0;4.0;0.0;0
276;91.14;91.14;91.14;305.90040000000016;0
277;4.48;4.48;4.48;0.7296000000000009;0
278;4.0;4.0;4.0;0.0;0
279;128.54;128.54;128.54;36.088399999999986;1
280;102.08;102.08;102.08;21.15359999999998;1
281;99.93;99.93;99.93;12.545100000000016;0
282;69.25;69.25;69.25;4.1075;0
283;66.98;66.98;66.98;8.719600000000003;1
284;94.7;94.7;94.7;10.209999999999985;0
285;88.77;88.77;88.77;10.6971;0
286;76.94;76.94;76.94;295.2764;1
287;114.81;114.81;114.81;12.553900000000006;0
288;4.0;4.0;4.0;0.0;0
289;133.17;133.17;133.17;28.761100000000006;0
290;63.85;63.85;63.85;7.827500000000006;1
291;85.78;85.78;85.78;8.231600000000002;0
292;4.0;4.0;4.0;0.0;0
293;94.91;94.91;94.91;57.3819;1
294;143.96;143.96;143.96;33.95840000000001;0
295;4.0;4.0;4.0;0.0;0
296;84.6;84.6;84.6;6.94;0
297;68.24;68.24;68.24;7.742399999999996;1
298;88.19;88.19;88.19;10.833900000000016;0
299;93.6;93.6;93.6;32.23999999999998;0
300;4.0;4.0;4.0;0.0;0
301;95.51;95.51;95.51;40.44990000000001;1
302;126.33;126.33;126.33;12.381099999999984;0
303;130.6;130.6;130.6;8.320000000000011;0
304;107.1;107.1;107.1;26.189999999999994;0
305;4.0;4.0;4.0;0.0;0
306;88.23;88.23;88.23;7.417100000000005;0
307;70.96;70.96;70.96;5.838399999999999;0
308;81.33;81.33;81.33;34.22110000000002;0
309;91.22;91.22;91.22;88.71159999999996;0
310;87.64;87.64;87.64;7.310399999999997;1
311;66.7;66.7;66.7;68.41000000000003;1
312;82.8;82.8;82.8;3.9599999999999977;0
313;62.26;62.26;62.26;2.6124000000000014;1
314;58.82;58.82;58.82;8.667600000000006;1
315;49.94;49.94;49.94;11.256400000000003;1
316;87.8;87.8;87.8;146.25999999999996;1
317;94.5;94.5;94.5;24.73;1
318;71.93;71.93;71.93;10.025100000000005;0
319;4.0;4.0;4.0;0.0;0
320;72.16;72.16;72.16;7.234400000000001;0
321;92.58;92.58;92.58;10.403600000000003;0
322;4.0;4.0;4.0;0.0;0
323;82.44;82.44;82.44;3.0864000000000034;0
324;70.75;70.75;70.75;9.2875;1
325;4.0;4.0;4.0;0.0;0
326;94.67;94.67;94.67;46.38110000000005;0
327;90.55;90.55;90.55;27.58750000000003;0
328;74.5;74.5;74.5;7.05;0
329;125.15;125.15;125.15;15.807500000000012;0
330;61.67;61.67;61.67;8.521099999999983;0
331;102.27;102.27;102.27;10.9971;0
332;122.44;122.44;122.44;7.1664;0
333;84.58;84.58;84.58;2.2836;0
334;78.41;78.41;78.41;68.3819;1
335;62.96;62.96;62.96;59.65839999999998;1
336;57.45;57.45;57.45;11.547500000000007;1
337;4.0;4.0;4.0;0.0;0
338;119.34;119.34;119.34;39.524399999999964;0
339;4.0;4.0;4.0;0.0;0
340;4.0;4.0;4.0;0.0;0
341;107.96;107.96;107.96;6.278400000000013;0
342;75.72;75.72;75.72;3.3415999999999917;0
343;95.26;95.26;95.26;4.132400000000011;1
344;4.0;4.0;4.0;0.0;0
345;120.78;120.78;120.78;15.89159999999999;0
346;102.97;102.97;102.97;2.6691000000000007;0
347;80.45;80.45;80.45;9.667499999999997;0
348;89.12;89.12;89.12;6.225600000000014;0
349;139.77;139.77;139.77;20.817099999999986;0
350;35.42;35.42;35.42;0.5635999999999997;1
351;83.35;83.35;83.35;16.86749999999997;0
352;106.98;106.98;106.98;2.2596000000000047;0
353;71.35;71.35;71.35;82.76750000000003;1
354;102.29;102.29;102.29;10.22589999999999;1
355;90.01;90.01;90.01;9.869899999999994;0
356;4.0;4.0;4.0;0.0;0
357;67.48;67.48;67.48;69.24959999999996;0
358;64.29;64.29;64.29;1.8459000000000023;0
359;113.68;113.68;113.68;59.19760000000019;0
360;98.1;98.1;98.1;2.1299999999999994;0
361;63.55;63.55;63.55;57.967500000000015;1
362;86.13;86.13;86.13;8.513099999999982;0
363;93.45;93.45;93.45;16.9875;0
364;133.65;133.65;133.65;24.227499999999992;0
365;97.18;97.18;97.18;14.307600000000008;0
366;83.93;83.93;83.93;7.365100000000018;1
367;136.8;136.8;136.8;97.38000000000005;0
368;42.74;42.74;42.74;3.6124000000000023;1
369;79.61;79.61;79.61;8.077900000000007;0
370;92.32;92.32;92.32;28.21760000000005;1
371;74.91;74.91;74.91;20.641899999999985;1
372;51.17;51.17;51.17;25.321100000000005;1
373;52.57;52.57;52.57;1.5650999999999993;0
374;105.75;105.75;105.75;5.4075;0
375;89.83;89.83;89.83;1.7010999999999963;0
376;82.96;82.96;82.96;81.43840000000002;1
377;82.04;82.04;82.04;12.918399999999988;1
378;57.17;57.17;57.17;8.501100000000008;1
379;120.89;120.89;120.89;1.2578999999999976;0
380;62.93;62.93;62.93;14.185100000000006;1
381;99.7;99.7;99.7;5.609999999999992;0
382;109.49;109.49;109.49;12.909900000000007;0
383;97.35;97.35;97.35;14.507500000000004;0
384;106.72;106.72;106.72;4.321599999999992;0
385;62.33;62.33;62.33;27.801100000000012;1
386;66.23;66.23;66.23;28.47710000000004;1
387;82.61;82.61;82.61;4.9979000000000005;0
388;97.35;97.35;97.35;4.207500000000005;0
389;96.97;96.97;96.97;58.409099999999995;1
390;61.55;61.55;61.55;87.56749999999992;1
391;169.24;169.24;169.24;78.02239999999979;0
392;72.08;72.08;72.08;2.413600000000007;0
393;70.88;70.88;70.88;2.0655999999999968;0
394;61.55;61.55;61.55;1.5674999999999986;1
395;65.36;65.36;65.36;10.030399999999988;0
396;111.5;111.5;111.5;65.55;0
397;112.21;112.21;112.21;19.44590000000001;1
398;86.15;86.15;86.15;18.56750000000002;0
399;106.05;106.05;106.05;4.207499999999999;0
400;99.94;99.94;99.94;1.716400000000004;0
401;80.4;80.4;80.4;31.19999999999999;1
402;4.0;4.0;4.0;0.0;0
403;87.6;87.6;87.6;14.83999999999997;0
404;121.25;121.25;121.25;11.6675;1
405;4.0;4.0;4.0;0.0;0
406;63.13;63.13;63.13;12.113099999999998;1
407;91.36;91.36;91.36;111.47040000000005;1
408;168.53;168.53;168.53;31.52910000000001;0
409;99.01;99.01;99.01;7.049899999999984;0
410;46.92;46.92;46.92;12.053600000000019;1
411;98.34;98.34;98.34;9.2244;0
412;4.0;4.0;4.0;0.0;0
413;52.42;52.42;52.42;9.52360000000003;1
414;66.43;66.43;66.43;30.745100000000015;0
415;99.0;99.0;99.0;11.7;0
416;4.0;4.0;4.0;0.0;0
417;126.56;126.56;126.56;2.5464000000000038;0
418;4.1;4.1;4.1;0.19000000000000009;0
419;78.5;78.5;78.5;81.29;1
420;91.92;91.92;91.92;5.273599999999994;0
421;82.55;82.55;82.55;6.98749999999998;0
422;68.17;68.17;68.17;4.501100000000003;0
423;94.79;94.79;94.79;54.42589999999999;0
424;95.16;95.16;95.16;118.99440000000003;0
425;105.47;105.47;105.47;36.209100000000035;1
426;57.13;57.13;57.13;11.1131;0
427;108.48;108.48;108.48;28.769600000000004;0
428;61.47;61.47;61.47;9.829099999999993;0
429;78.39;78.39;78.39;63.57790000000002;1
430;104.69;104.69;104.69;6.633899999999987;0
431;107.59;107.59;107.59;20.561900000000012;0
432;72.46;72.46;72.46;16.768399999999996;1
433;75.1;75.1;75.1;5.1699999999999955;0
434;41.16;41.16;41.16;19.154400000000017;1
435;73.41;73.41;73.41;105.60190000000003;1
436;57.62;57.62;57.62;5.695599999999994;1
437;66.05;66.05;66.05;9.907500000000018;0
438;51.44;51.44;51.44;75.08640000000004;1
439;77.92;77.92;77.92;5.073600000000012;0
440;63.63;63.63;63.63;32.593099999999964;1
441;91.63;91.63;91.63;442.4131000000001;1
442;106.0;106.0;106.0;7.64;0
443;69.6;69.6;69.6;4.740000000000015;0
444;100.04;100.04;100.04;8.238399999999997;0
445;71.76;71.76;71.76;50.1824;1
446;75.15;75.15;75.15;12.327500000000002;0
447;4.0;4.0;4.0;0.0;0
448;133.21;133.21;133.21;23.74589999999999;0
449;105.11;105.11;105.11;20.5379;1
450;116.45;116.45;116.45;20.407499999999985;1
451;99.1;99.1;99.1;24.490000000000006;0
452;100.68;100.68;100.68;7.817599999999994;0
453;97.6;97.6;97.6;30.099999999999977;1
454;85.35;85.35;85.35;5.207500000000006;1
455;78.96;78.96;78.96;17.07839999999998;0
456;67.18;67.18;67.18;84.74759999999999;1
457;90.48;90.48;90.48;3.2296000000000014;0
458;77.73;77.73;77.73;329.27709999999973;0
459;87.76;87.76;87.76;10.742400000000004;0
460;81.74;81.74;81.74;11.632400000000008;0
461;91.18;91.18;91.18;8.587600000000007;0
462;56.74;56.74;56.74;6.372400000000004;0
463;93.35;93.35;93.35;50.8275;1
464;72.06;72.06;72.06;55.656400000000005;1
465;55.41;55.41;55.41;27.90190000000003;0
466;92.46;92.46;92.46;32.188400000000016;1
467;4.0;4.0;4.0;0.0;0
468;153.14;153.14;153.14;71.84040000000007;1
469;126.68;126.68;126.68;11.737600000000002;0
470;75.12;75.12;75.12;5.425600000000006;0
471;78.71;78.71;78.71;20.90589999999997;0
472;64.71;64.71;64.71;8.725899999999996;0
473;60.55;60.55;60.55;64.7075;1
474;62.08;62.08;62.08;2.2336000000000054;0
475;137.44;137.44;137.44;30.426400000000005;0
476;59.54;59.54;59.54;32.828399999999995;1
477;82.96;82.96;82.96;9.518400000000016;0
478;112.55;112.55;112.55;37.90750000000001;0
479;64.83;64.83;64.83;2.0411;0
480;87.9;87.9;87.9;8.430000000000001;0
481;64.72;64.72;64.72;13.721600000000029;1
482;58.8;58.8;58.8;4.819999999999999;0
483;91.17;91.17;91.17;10.681099999999997;0
484;154.34;154.34;154.34;4.044400000000016;0
485;4.0;4.0;4.0;0.0;0
486;79.66;79.66;79.66;4.424400000000009;0
487;4.0;4.0;4.0;0.0;0
488;97.19;97.19;97.19;24.713899999999967;1
489;75.5;75.5;75.5;155.37;1
490;80.33;80.33;80.33;2.321100000000005;0
491;51.73;51.73;51.73;10.577099999999977;1
492;65.19;65.19;65.19;20.993900000000004;1
493;69.58;69.58;69.58;203.6636;1
494;71.14;71.14;71.14;18.200400000000016;0
495;96.13;96.13;96.13;566.0530999999999;0
496;4.0;4.0;4.0;0.0;0
497;91.88;91.88;91.88;17.94560000000002;1
498;4.1;4.1;4.1;0.18999999999999992;0
499;4.0;4.0;4.0;0.0;0
