Lp;R;G;B;War;m0;m1;m2;m3;m4;m5;m6;m7;Dec
0;113.6;113.6;113.6;93.68;0.0;0.0;0.0;0.0;0.0;0.0;0.0;0.0;0.0;0.0;0.0;0.0;0.0;0.0;0.0;0.0;0.0;0.0;0.0;0.0;0.0;0.0;0.0;0.0;1
1;57.56;57.56;57.56;2.246399999999999;0.0;0.0;0.0;0.0;0.0;0.0;0.0;0.0;0.0;0.0;0.0;0.0;0.0;0.0;0.0;0.0;0.0;0.0;0.0;0.0;0.0;0.0;0.0;0.0;1
2;73.16;73.16;73.16;5.414399999999998;0.0;0.0;0.0;0.0;0.0;0.0;0.0;0.0;0.0;0.0;0.0;0.0;0.0;0.0;0.0;0.0;0.0;0.0;0.0;0.0;0.0;0.0;0.0;0.0;1
3;129.84;129.84;129.84;0.6144;6120.0;11730.0;11730.0;34170.0;21420.0;34170.0;111180.0;60180.0;60180.0;111180.0;11687.5;-1062.5;11687.5;885.4166666666715;-1239.5833333333285;-1239.5833333333285;885.4166666666715;0.00031204611474219314;-2.8367828612926647e-05;0.00031204611474219314;3.021823799407989e-07;-4.230553319171145e-07;-4.230553319171145e-07;3.021823799407989e-07;0
4;112.0;112.0;112.0;0.0;0.0;0.0;0.0;0.0;0.0;0.0;0.0;0.0;0.0;0.0;0.0;0.0;0.0;0.0;0.0;0.0;0.0;0.0;0.0;0.0;0.0;0.0;0.0;0.0;0
5;63.92;63.92;63.92;12.153599999999999;0.0;0.0;0.0;0.0;0.0;0.0;0.0;0.0;0.0;0.0;0.0;0.0;0.0;0.0;0.0;0.0;0.0;0.0;0.0;0.0;0.0;0.0;0.0;0.0;1
6;83.36;83.36;83.36;2.150399999999997;0.0;0.0;0.0;0.0;0.0;0.0;0.0;0.0;0.0;0.0;0.0;0.0;0.0;0.0;0.0;0.0;0.0;0.0;0.0;0.0;0.0;0.0;0.0;0.0;1
7;98.04;98.04;98.04;7.158399999999997;0.0;0.0;0.0;0.0;0.0;0.0;0.0;0.0;0.0;0.0;0.0;0.0;0.0;0.0;0.0;0.0;0.0;0.0;0.0;0.0;0.0;0.0;0.0;0.0;0
8;122.8;122.8;122.8;2.88;0.0;0.0;0.0;0.0;0.0;0.0;0.0;0.0;0.0;0.0;0.0;0.0;0.0;0.0;0.0;0.0;0.0;0.0;0.0;0.0;0.0;0.0;0.0;0.0;0
9;113.56;113.56;113.56;57.366399999999985;0.0;0.0;0.0;0.0;0.0;0.0;0.0;0.0;0.0;0.0;0.0;0.0;0.0;0.0;0.0;0.0;0.0;0.0;0.0;0.0;0.0;0.0;0.0;0.0;0
10;102.36;102.36;102.36;186.5504;0.0;0.0;0.0;0.0;0.0;0.0;0.0;0.0;0.0;0.0;0.0;0.0;0.0;0.0;0.0;0.0;0.0;0.0;0.0;0.0;0.0;0.0;0.0;0.0;1
11;106.0;106.0;106.0;19.68;0.0;0.0;0.0;0.0;0.0;0.0;0.0;0.0;0.0;0.0;0.0;0.0;0.0;0.0;0.0;0.0;0.0;0.0;0.0;0.0;0.0;0.0;0.0;0.0;0
12;98.12;98.12;98.12;29.705600000000018;0.0;0.0;0.0;0.0;0.0;0.0;0.0;0.0;0.0;0.0;0.0;0.0;0.0;0.0;0.0;0.0;0.0;0.0;0.0;0.0;0.0;0.0;0.0;0.0;0
13;4.0;4.0;4.0;0.0;0.0;0.0;0.0;0.0;0.0;0.0;0.0;0.0;0.0;0.0;0.0;0.0;0.0;0.0;0.0;0.0;0.0;0.0;0.0;0.0;0.0;0.0;0.0;0.0;0
14;77.2;77.2;77.2;6.72;0.0;0.0;0.0;0.0;0.0;0.0;0.0;0.0;0.0;0.0;0.0;0.0;0.0;0.0;0.0;0.0;0.0;0.0;0.0;0.0;0.0;0.0;0.0;0.0;1
15;120.0;120.0;120.0;0.0;0.0;0.0;0.0;0.0;0.0;0.0;0.0;0.0;0.0;0.0;0.0;0.0;0.0;0.0;0.0;0.0;0.0;0.0;0.0;0.0;0.0;0.0;0.0;0.0;0
16;102.88;102.88;102.88;401.2256;1020.0;1530.0;4080.0;3570.0;6120.0;16320.0;9180.0;14280.0;24480.0;65280.0;1275.0;0.0;0.0;0.0;0.0;0.0;0.0;0.0012254901960784311;0.0;0.0;0.0;0.0;0.0;0.0;1
17;151.12;151.12;151.12;9.705599999999995;6375.0;12750.0;12750.0;38250.0;25500.0;38250.0;127500.0;76500.0;76500.0;127500.0;12750.0;0.0;12750.0;0.0;0.0;0.0;0.0;0.00031372549019607844;0.0;0.00031372549019607844;0.0;0.0;0.0;0.0;0
18;133.44;133.44;133.44;6.9664;5865.0;12495.0;10710.0;37995.0;24480.0;30090.0;127245.0;75480.0;72420.0;94860.0;11375.217391304344;1663.0434782608718;10532.608695652176;-2169.1871455576475;-988.1852551984957;2241.4933837429016;1446.1247637050983;0.00033069198748785275;4.834678179646978e-05;0.0003061962847109749;-8.234305601936969e-07;-3.751183663104664e-07;8.508782455334865e-07;5.489537067957979e-07;0
19;134.52;134.52;134.52;5.609600000000002;6375.0;12750.0;12750.0;38250.0;25500.0;38250.0;127500.0;76500.0;76500.0;127500.0;12750.0;0.0;12750.0;0.0;0.0;0.0;0.0;0.00031372549019607844;0.0;0.00031372549019607844;0.0;0.0;0.0;0.0;0
20;76.4;76.4;76.4;73.04;0.0;0.0;0.0;0.0;0.0;0.0;0.0;0.0;0.0;0.0;0.0;0.0;0.0;0.0;0.0;0.0;0.0;0.0;0.0;0.0;0.0;0.0;0.0;0.0;1
21;4.0;4.0;4.0;0.0;0.0;0.0;0.0;0.0;0.0;0.0;0.0;0.0;0.0;0.0;0.0;0.0;0.0;0.0;0.0;0.0;0.0;0.0;0.0;0.0;0.0;0.0;0.0;0.0;0
22;3.0;3.0;3.0;0.0;0.0;0.0;0.0;0.0;0.0;0.0;0.0;0.0;0.0;0.0;0.0;0.0;0.0;0.0;0.0;0.0;0.0;0.0;0.0;0.0;0.0;0.0;0.0;0.0;0
23;124.4;124.4;124.4;29.36;1020.0;4080.0;1530.0;16320.0;6120.0;3570.0;65280.0;24480.0;14280.0;9180.0;0.0;0.0;1275.0;0.0;0.0;0.0;0.0;0.0;0.0;0.0012254901960784311;0.0;0.0;0.0;0.0;1
24;4.0;4.0;4.0;0.0;0.0;0.0;0.0;0.0;0.0;0.0;0.0;0.0;0.0;0.0;0.0;0.0;0.0;0.0;0.0;0.0;0.0;0.0;0.0;0.0;0.0;0.0;0.0;0.0;0
25;4.0;4.0;4.0;0.0;0.0;0.0;0.0;0.0;0.0;0.0;0.0;0.0;0.0;0.0;0.0;0.0;0.0;0.0;0.0;0.0;0.0;0.0;0.0;0.0;0.0;0.0;0.0;0.0;0
26;101.72;101.72;101.72;1.6416000000000004;0.0;0.0;0.0;0.0;0.0;0.0;0.0;0.0;0.0;0.0;0.0;0.0;0.0;0.0;0.0;0.0;0.0;0.0;0.0;0.0;0.0;0.0;0.0;0.0;1
27;98.52;98.52;98.52;1.6895999999999993;0.0;0.0;0.0;0.0;0.0;0.0;0.0;0.0;0.0;0.0;0.0;0.0;0.0;0.0;0.0;0.0;0.0;0.0;0.0;0.0;0.0;0.0;0.0;0.0;0
28;54.4;54.4;54.4;11.92;0.0;0.0;0.0;0.0;0.0;0.0;0.0;0.0;0.0;0.0;0.0;0.0;0.0;0.0;0.0;0.0;0.0;0.0;0.0;0.0;0.0;0.0;0.0;0.0;1
29;148.0;148.0;148.0;0.0;6375.0;12750.0;12750.0;38250.0;25500.0;38250.0;127500.0;76500.0;76500.0;127500.0;12750.0;0.0;12750.0;0.0;0.0;0.0;0.0;0.00031372549019607844;0.0;0.00031372549019607844;0.0;0.0;0.0;0.0;0
30;74.04;74.04;74.04;23.638400000000008;0.0;0.0;0.0;0.0;0.0;0.0;0.0;0.0;0.0;0.0;0.0;0.0;0.0;0.0;0.0;0.0;0.0;0.0;0.0;0.0;0.0;0.0;0.0;0.0;1
31;121.88;121.88;121.88;0.10559999999999999;0.0;0.0;0.0;0.0;0.0;0.0;0.0;0.0;0.0;0.0;0.0;0.0;0.0;0.0;0.0;0.0;0.0;0.0;0.0;0.0;0.0;0.0;0.0;0.0;0
32;37.44;37.44;37.44;152.00639999999999;0.0;0.0;0.0;0.0;0.0;0.0;0.0;0.0;0.0;0.0;0.0;0.0;0.0;0.0;0.0;0.0;0.0;0.0;0.0;0.0;0.0;0.0;0.0;0.0;0
33;5.28;5.28;5.28;1.6415999999999997;0.0;0.0;0.0;0.0;0.0;0.0;0.0;0.0;0.0;0.0;0.0;0.0;0.0;0.0;0.0;0.0;0.0;0.0;0.0;0.0;0.0;0.0;0.0;0.0;0
34;141.4;141.4;141.4;3.8400000000000016;6375.0;12750.0;12750.0;38250.0;25500.0;38250.0;127500.0;76500.0;76500.0;127500.0;12750.0;0.0;12750.0;0.0;0.0;0.0;0.0;0.00031372549019607844;0.0;0.00031372549019607844;0.0;0.0;0.0;0.0;0
35;111.92;111.92;111.92;12.553599999999996;0.0;0.0;0.0;0.0;0.0;0.0;0.0;0.0;0.0;0.0;0.0;0.0;0.0;0.0;0.0;0.0;0.0;0.0;0.0;0.0;0.0;0.0;0.0;0.0;1
36;3.0;3.0;3.0;0.0;0.0;0.0;0.0;0.0;0.0;0.0;0.0;0.0;0.0;0.0;0.0;0.0;0.0;0.0;0.0;0.0;0.0;0.0;0.0;0.0;0.0;0.0;0.0;0.0;0
37;120.04;120.04;120.04;1.9584000000000008;0.0;0.0;0.0;0.0;0.0;0.0;0.0;0.0;0.0;0.0;0.0;0.0;0.0;0.0;0.0;0.0;0.0;0.0;0.0;0.0;0.0;0.0;0.0;0.0;0
38;4.0;4.0;4.0;0.0;0.0;0.0;0.0;0.0;0.0;0.0;0.0;0.0;0.0;0.0;0.0;0.0;0.0;0.0;0.0;0.0;0.0;0.0;0.0;0.0;0.0;0.0;0.0;0.0;0
39;120.56;120.56;120.56;9.766400000000003;0.0;0.0;0.0;0.0;0.0;0.0;0.0;0.0;0.0;0.0;0.0;0.0;0.0;0.0;0.0;0.0;0.0;0.0;0.0;0.0;0.0;0.0;0.0;0.0;0
40;72.8;72.8;72.8;86.8;0.0;0.0;0.0;0.0;0.0;0.0;0.0;0.0;0.0;0.0;0.0;0.0;0.0;0.0;0.0;0.0;0.0;0.0;0.0;0.0;0.0;0.0;0.0;0.0;1
41;107.16;107.16;107.16;106.85440000000003;0.0;0.0;0.0;0.0;0.0;0.0;0.0;0.0;0.0;0.0;0.0;0.0;0.0;0.0;0.0;0.0;0.0;0.0;0.0;0.0;0.0;0.0;0.0;0.0;1
42;107.88;107.88;107.88;16.105600000000003;0.0;0.0;0.0;0.0;0.0;0.0;0.0;0.0;0.0;0.0;0.0;0.0;0.0;0.0;0.0;0.0;0.0;0.0;0.0;0.0;0.0;0.0;0.0;0.0;0
43;138.44;138.44;138.44;13.046400000000004;6375.0;12750.0;12750.0;38250.0;25500.0;38250.0;127500.0;76500.0;76500.0;127500.0;12750.0;0.0;12750.0;0.0;0.0;0.0;0.0;0.00031372549019607844;0.0;0.00031372549019607844;0.0;0.0;0.0;0.0;1
44;88.6;88.6;88.6;51.04;0.0;0.0;0.0;0.0;0.0;0.0;0.0;0.0;0.0;0.0;0.0;0.0;0.0;0.0;0.0;0.0;0.0;0.0;0.0;0.0;0.0;0.0;0.0;0.0;1
45;87.48;87.48;87.48;13.0496;0.0;0.0;0.0;0.0;0.0;0.0;0.0;0.0;0.0;0.0;0.0;0.0;0.0;0.0;0.0;0.0;0.0;0.0;0.0;0.0;0.0;0.0;0.0;0.0;1
46;80.12;80.12;80.12;3.2255999999999974;0.0;0.0;0.0;0.0;0.0;0.0;0.0;0.0;0.0;0.0;0.0;0.0;0.0;0.0;0.0;0.0;0.0;0.0;0.0;0.0;0.0;0.0;0.0;0.0;0
47;101.8;101.8;101.8;47.600000000000016;0.0;0.0;0.0;0.0;0.0;0.0;0.0;0.0;0.0;0.0;0.0;0.0;0.0;0.0;0.0;0.0;0.0;0.0;0.0;0.0;0.0;0.0;0.0;0.0;1
48;119.28;119.28;119.28;5.081600000000001;0.0;0.0;0.0;0.0;0.0;0.0;0.0;0.0;0.0;0.0;0.0;0.0;0.0;0.0;0.0;0.0;0.0;0.0;0.0;0.0;0.0;0.0;0.0;0.0;0
49;98.04;98.04;98.04;1.9584000000000008;0.0;0.0;0.0;0.0;0.0;0.0;0.0;0.0;0.0;0.0;0.0;0.0;0.0;0.0;0.0;0.0;0.0;0.0;0.0;0.0;0.0;0.0;0.0;0.0;0
50;99.32;99.32;99.32;26.057599999999997;0.0;0.0;0.0;0.0;0.0;0.0;0.0;0.0;0.0;0.0;0.0;0.0;0.0;0.0;0.0;0.0;0.0;0.0;0.0;0.0;0.0;0.0;0.0;0.0;1
51;88.44;88.44;88.44;8.486400000000005;0.0;0.0;0.0;0.0;0.0;0.0;0.0;0.0;0.0;0.0;0.0;0.0;0.0;0.0;0.0;0.0;0.0;0.0;0.0;0.0;0.0;0.0;0.0;0.0;0
52;78.2;78.2;78.2;12.399999999999995;0.0;0.0;0.0;0.0;0.0;0.0;0.0;0.0;0.0;0.0;0.0;0.0;0.0;0.0;0.0;0.0;0.0;0.0;0.0;0.0;0.0;0.0;0.0;0.0;1
53;106.32;106.32;106.32;4.777599999999998;0.0;0.0;0.0;0.0;0.0;0.0;0.0;0.0;0.0;0.0;0.0;0.0;0.0;0.0;0.0;0.0;0.0;0.0;0.0;0.0;0.0;0.0;0.0;0.0;0
54;110.68;110.68;110.68;4.057599999999999;0.0;0.0;0.0;0.0;0.0;0.0;0.0;0.0;0.0;0.0;0.0;0.0;0.0;0.0;0.0;0.0;0.0;0.0;0.0;0.0;0.0;0.0;0.0;0.0;0
55;110.24;110.24;110.24;2.8224;0.0;0.0;0.0;0.0;0.0;0.0;0.0;0.0;0.0;0.0;0.0;0.0;0.0;0.0;0.0;0.0;0.0;0.0;0.0;0.0;0.0;0.0;0.0;0.0;1
56;4.0;4.0;4.0;0.0;0.0;0.0;0.0;0.0;0.0;0.0;0.0;0.0;0.0;0.0;0.0;0.0;0.0;0.0;0.0;0.0;0.0;0.0;0.0;0.0;0.0;0.0;0.0;0.0;0
57;4.0;4.0;4.0;0.0;0.0;0.0;0.0;0.0;0.0;0.0;0.0;0.0;0.0;0.0;0.0;0.0;0.0;0.0;0.0;0.0;0.0;0.0;0.0;0.0;0.0;0.0;0.0;0.0;0
58;4.0;4.0;4.0;0.0;0.0;0.0;0.0;0.0;0.0;0.0;0.0;0.0;0.0;0.0;0.0;0.0;0.0;0.0;0.0;0.0;0.0;0.0;0.0;0.0;0.0;0.0;0.0;0.0;0
59;88.0;88.0;88.0;9.12;0.0;0.0;0.0;0.0;0.0;0.0;0.0;0.0;0.0;0.0;0.0;0.0;0.0;0.0;0.0;0.0;0.0;0.0;0.0;0.0;0.0;0.0;0.0;0.0;0
60;112.6;112.6;112.6;23.92000000000001;0.0;0.0;0.0;0.0;0.0;0.0;0.0;0.0;0.0;0.0;0.0;0.0;0.0;0.0;0.0;0.0;0.0;0.0;0.0;0.0;0.0;0.0;0.0;0.0;1
61;90.4;90.4;90.4;19.920000000000012;0.0;0.0;0.0;0.0;0.0;0.0;0.0;0.0;0.0;0.0;0.0;0.0;0.0;0.0;0.0;0.0;0.0;0.0;0.0;0.0;0.0;0.0;0.0;0.0;1
62;139.0;139.0;139.0;0.0;6375.0;12750.0;12750.0;38250.0;25500.0;38250.0;127500.0;76500.0;76500.0;127500.0;12750.0;0.0;12750.0;0.0;0.0;0.0;0.0;0.00031372549019607844;0.0;0.00031372549019607844;0.0;0.0;0.0;0.0;0
63;103.08;103.08;103.08;160.3136;0.0;0.0;0.0;0.0;0.0;0.0;0.0;0.0;0.0;0.0;0.0;0.0;0.0;0.0;0.0;0.0;0.0;0.0;0.0;0.0;0.0;0.0;0.0;0.0;1
64;133.44;133.44;133.44;1.206399999999999;6375.0;12750.0;12750.0;38250.0;25500.0;38250.0;127500.0;76500.0;76500.0;127500.0;12750.0;0.0;12750.0;0.0;0.0;0.0;0.0;0.00031372549019607844;0.0;0.00031372549019607844;0.0;0.0;0.0;0.0;0
65;127.4;127.4;127.4;3.840000000000003;3825.0;7650.0;11475.0;22950.0;22950.0;36975.0;76500.0;68850.0;73950.0;126225.0;7650.0;-3.637978807091713e-12;2549.9999999999927;0.0;1.0913936421275139e-11;1.4551915228366852e-11;2.9103830456733704e-11;0.0005228758169934642;-2.486550511062729e-19;0.0001742919389978209;0.0;1.2061541647700245e-20;1.6082055530266992e-20;3.2164111060533984e-20;0
66;85.88;85.88;85.88;0.3456000000000002;0.0;0.0;0.0;0.0;0.0;0.0;0.0;0.0;0.0;0.0;0.0;0.0;0.0;0.0;0.0;0.0;0.0;0.0;0.0;0.0;0.0;0.0;0.0;0.0;0
67;3.0;3.0;3.0;0.0;0.0;0.0;0.0;0.0;0.0;0.0;0.0;0.0;0.0;0.0;0.0;0.0;0.0;0.0;0.0;0.0;0.0;0.0;0.0;0.0;0.0;0.0;0.0;0.0;0
68;150.48;150.48;150.48;0.7296;6375.0;12750.0;12750.0;38250.0;25500.0;38250.0;127500.0;76500.0;76500.0;127500.0;12750.0;0.0;12750.0;0.0;0.0;0.0;0.0;0.00031372549019607844;0.0;0.00031372549019607844;0.0;0.0;0.0;0.0;0
69;59.08;59.08;59.08;5.0336;0.0;0.0;0.0;0.0;0.0;0.0;0.0;0.0;0.0;0.0;0.0;0.0;0.0;0.0;0.0;0.0;0.0;0.0;0.0;0.0;0.0;0.0;0.0;0.0;1
70;120.0;120.0;120.0;35.28;1020.0;510.0;510.0;510.0;255.0;510.0;510.0;255.0;255.0;510.0;255.0;0.0;255.0;0.0;0.0;0.0;0.0;0.00024509803921568627;0.0;0.00024509803921568627;0.0;0.0;0.0;0.0;0
71;93.0;93.0;93.0;18.24;0.0;0.0;0.0;0.0;0.0;0.0;0.0;0.0;0.0;0.0;0.0;0.0;0.0;0.0;0.0;0.0;0.0;0.0;0.0;0.0;0.0;0.0;0.0;0.0;0
72;75.2;75.2;75.2;54.16;0.0;0.0;0.0;0.0;0.0;0.0;0.0;0.0;0.0;0.0;0.0;0.0;0.0;0.0;0.0;0.0;0.0;0.0;0.0;0.0;0.0;0.0;0.0;0.0;1
73;98.96;98.96;98.96;16.8384;0.0;0.0;0.0;0.0;0.0;0.0;0.0;0.0;0.0;0.0;0.0;0.0;0.0;0.0;0.0;0.0;0.0;0.0;0.0;0.0;0.0;0.0;0.0;0.0;1
74;86.56;86.56;86.56;140.3264;0.0;0.0;0.0;0.0;0.0;0.0;0.0;0.0;0.0;0.0;0.0;0.0;0.0;0.0;0.0;0.0;0.0;0.0;0.0;0.0;0.0;0.0;0.0;0.0;1
75;159.84;159.84;159.84;7.334399999999999;6375.0;12750.0;12750.0;38250.0;25500.0;38250.0;127500.0;76500.0;76500.0;127500.0;12750.0;0.0;12750.0;0.0;0.0;0.0;0.0;0.00031372549019607844;0.0;0.00031372549019607844;0.0;0.0;0.0;0.0;0
76;74.68;74.68;74.68;1.6576000000000002;0.0;0.0;0.0;0.0;0.0;0.0;0.0;0.0;0.0;0.0;0.0;0.0;0.0;0.0;0.0;0.0;0.0;0.0;0.0;0.0;0.0;0.0;0.0;0.0;0
77;78.0;78.0;78.0;16.0;0.0;0.0;0.0;0.0;0.0;0.0;0.0;0.0;0.0;0.0;0.0;0.0;0.0;0.0;0.0;0.0;0.0;0.0;0.0;0.0;0.0;0.0;0.0;0.0;1
78;80.32;80.32;80.32;14.697599999999996;0.0;0.0;0.0;0.0;0.0;0.0;0.0;0.0;0.0;0.0;0.0;0.0;0.0;0.0;0.0;0.0;0.0;0.0;0.0;0.0;0.0;0.0;0.0;0.0;1
79;112.16;112.16;112.16;32.85440000000001;0.0;0.0;0.0;0.0;0.0;0.0;0.0;0.0;0.0;0.0;0.0;0.0;0.0;0.0;0.0;0.0;0.0;0.0;0.0;0.0;0.0;0.0;0.0;0.0;1
80;123.56;123.56;123.56;4.8864000000000045;0.0;0.0;0.0;0.0;0.0;0.0;0.0;0.0;0.0;0.0;0.0;0.0;0.0;0.0;0.0;0.0;0.0;0.0;0.0;0.0;0.0;0.0;0.0;0.0;0
81;52.92;52.92;52.92;7.9136000000000015;0.0;0.0;0.0;0.0;0.0;0.0;0.0;0.0;0.0;0.0;0.0;0.0;0.0;0.0;0.0;0.0;0.0;0.0;0.0;0.0;0.0;0.0;0.0;0.0;1
82;155.88;155.88;155.88;0.3456;6375.0;12750.0;12750.0;38250.0;25500.0;38250.0;127500.0;76500.0;76500.0;127500.0;12750.0;0.0;12750.0;0.0;0.0;0.0;0.0;0.00031372549019607844;0.0;0.00031372549019607844;0.0;0.0;0.0;0.0;0
83;149.6;149.6;149.6;2.2399999999999993;6375.0;12750.0;12750.0;38250.0;25500.0;38250.0;127500.0;76500.0;76500.0;127500.0;12750.0;0.0;12750.0;0.0;0.0;0.0;0.0;0.00031372549019607844;0.0;0.00031372549019607844;0.0;0.0;0.0;0.0;0
84;4.48;4.48;4.48;1.2096;0.0;0.0;0.0;0.0;0.0;0.0;0.0;0.0;0.0;0.0;0.0;0.0;0.0;0.0;0.0;0.0;0.0;0.0;0.0;0.0;0.0;0.0;0.0;0.0;0
85;143.72;143.72;143.72;1.6416000000000008;6375.0;12750.0;12750.0;38250.0;25500.0;38250.0;127500.0;76500.0;76500.0;127500.0;12750.0;0.0;12750.0;0.0;0.0;0.0;0.0;0.00031372549019607844;0.0;0.00031372549019607844;0.0;0.0;0.0;0.0;0
86;57.96;57.96;57.96;0.43839999999999996;0.0;0.0;0.0;0.0;0.0;0.0;0.0;0.0;0.0;0.0;0.0;0.0;0.0;0.0;0.0;0.0;0.0;0.0;0.0;0.0;0.0;0.0;0.0;0.0;1
87;4.0;4.0;4.0;0.0;0.0;0.0;0.0;0.0;0.0;0.0;0.0;0.0;0.0;0.0;0.0;0.0;0.0;0.0;0.0;0.0;0.0;0.0;0.0;0.0;0.0;0.0;0.0;0.0;0
88;89.72;89.72;89.72;150.12159999999997;0.0;0.0;0.0;0.0;0.0;0.0;0.0;0.0;0.0;0.0;0.0;0.0;0.0;0.0;0.0;0.0;0.0;0.0;0.0;0.0;0.0;0.0;0.0;0.0;1
89;83.4;83.4;83.4;189.84;0.0;0.0;0.0;0.0;0.0;0.0;0.0;0.0;0.0;0.0;0.0;0.0;0.0;0.0;0.0;0.0;0.0;0.0;0.0;0.0;0.0;0.0;0.0;0.0;1
90;127.24;127.24;127.24;5.222399999999998;3060.0;3060.0;4590.0;5100.0;4590.0;10710.0;9180.0;7650.0;10710.0;27540.0;2040.0000000000005;0.0;3825.0;0.0;9.094947017729282e-13;4.547473508864641e-13;0.0;0.0002178649237472767;0.0;0.00040849673202614375;0.0;1.7558871769337598e-21;8.779435884668799e-22;0.0;0
91;116.96;116.96;116.96;15.318399999999995;0.0;0.0;0.0;0.0;0.0;0.0;0.0;0.0;0.0;0.0;0.0;0.0;0.0;0.0;0.0;0.0;0.0;0.0;0.0;0.0;0.0;0.0;0.0;0.0;1
92;4.96;4.96;4.96;0.9984000000000007;0.0;0.0;0.0;0.0;0.0;0.0;0.0;0.0;0.0;0.0;0.0;0.0;0.0;0.0;0.0;0.0;0.0;0.0;0.0;0.0;0.0;0.0;0.0;0.0;0
93;69.08;69.08;69.08;12.3936;0.0;0.0;0.0;0.0;0.0;0.0;0.0;0.0;0.0;0.0;0.0;0.0;0.0;0.0;0.0;0.0;0.0;0.0;0.0;0.0;0.0;0.0;0.0;0.0;1
94;79.0;79.0;79.0;0.0;0.0;0.0;0.0;0.0;0.0;0.0;0.0;0.0;0.0;0.0;0.0;0.0;0.0;0.0;0.0;0.0;0.0;0.0;0.0;0.0;0.0;0.0;0.0;0.0;1
95;86.56;86.56;86.56;2.3263999999999987;0.0;0.0;0.0;0.0;0.0;0.0;0.0;0.0;0.0;0.0;0.0;0.0;0.0;0.0;0.0;0.0;0.0;0.0;0.0;0.0;0.0;0.0;0.0;0.0;1
96;92.52;92.52;92.52;96.08960000000002;0.0;0.0;0.0;0.0;0.0;0.0;0.0;0.0;0.0;0.0;0.0;0.0;0.0;0.0;0.0;0.0;0.0;0.0;0.0;0.0;0.0;0.0;0.0;0.0;1
97;99.52;99.52;99.52;3.3695999999999993;0.0;0.0;0.0;0.0;0.0;0.0;0.0;0.0;0.0;0.0;0.0;0.0;0.0;0.0;0.0;0.0;0.0;0.0;0.0;0.0;0.0;0.0;0.0;0.0;0
98;134.4;134.4;134.4;1.4399999999999995;6375.0;12750.0;12750.0;38250.0;25500.0;38250.0;127500.0;76500.0;76500.0;127500.0;12750.0;0.0;12750.0;0.0;0.0;0.0;0.0;0.00031372549019607844;0.0;0.00031372549019607844;0.0;0.0;0.0;0.0;0
99;54.0;54.0;54.0;0.0;0.0;0.0;0.0;0.0;0.0;0.0;0.0;0.0;0.0;0.0;0.0;0.0;0.0;0.0;0.0;0.0;0.0;0.0;0.0;0.0;0.0;0.0;0.0;0.0;0
100;3.0;3.0;3.0;0.0;0.0;0.0;0.0;0.0;0.0;0.0;0.0;0.0;0.0;0.0;0.0;0.0;0.0;0.0;0.0;0.0;0.0;0.0;0.0;0.0;0.0;0.0;0.0;0.0;0
101;96.64;96.64;96.64;15.750400000000003;0.0;0.0;0.0;0.0;0.0;0.0;0.0;0.0;0.0;0.0;0.0;0.0;0.0;0.0;0.0;0.0;0.0;0.0;0.0;0.0;0.0;0.0;0.0;0.0;1
102;134.12;134.12;134.12;3.2256000000000005;6375.0;12750.0;12750.0;38250.0;25500.0;38250.0;127500.0;76500.0;76500.0;127500.0;12750.0;0.0;12750.0;0.0;0.0;0.0;0.0;0.00031372549019607844;0.0;0.00031372549019607844;0.0;0.0;0.0;0.0;0
103;128.6;128.6;128.6;13.600000000000003;3060.0;9180.0;7650.0;29580.0;22950.0;22950.0;100980.0;73950.0;68850.0;76500.0;2040.0;0.0;3825.0;0.0;0.0;0.0;0.0;0.00021786492374727666;0.0;0.00040849673202614375;0.0;0.0;0.0;0.0;0
104;110.12;110.12;110.12;6.505599999999997;0.0;0.0;0.0;0.0;0.0;0.0;0.0;0.0;0.0;0.0;0.0;0.0;0.0;0.0;0.0;0.0;0.0;0.0;0.0;0.0;0.0;0.0;0.0;0.0;0
105;102.28;102.28;102.28;9.56159999999999;0.0;0.0;0.0;0.0;0.0;0.0;0.0;0.0;0.0;0.0;0.0;0.0;0.0;0.0;0.0;0.0;0.0;0.0;0.0;0.0;0.0;0.0;0.0;0.0;1
106;138.88;138.88;138.88;4.105599999999999;6375.0;12750.0;12750.0;38250.0;25500.0;38250.0;127500.0;76500.0;76500.0;127500.0;12750.0;0.0;12750.0;0.0;0.0;0.0;0.0;0.00031372549019607844;0.0;0.00031372549019607844;0.0;0.0;0.0;0.0;0
107;138.92;138.92;138.92;45.433600000000006;6375.0;12750.0;12750.0;38250.0;25500.0;38250.0;127500.0;76500.0;76500.0;127500.0;12750.0;0.0;12750.0;0.0;0.0;0.0;0.0;0.00031372549019607844;0.0;0.00031372549019607844;0.0;0.0;0.0;0.0;0
108;104.12;104.12;104.12;4.345599999999997;0.0;0.0;0.0;0.0;0.0;0.0;0.0;0.0;0.0;0.0;0.0;0.0;0.0;0.0;0.0;0.0;0.0;0.0;0.0;0.0;0.0;0.0;0.0;0.0;0
109;98.52;98.52;98.52;10.169599999999999;0.0;0.0;0.0;0.0;0.0;0.0;0.0;0.0;0.0;0.0;0.0;0.0;0.0;0.0;0.0;0.0;0.0;0.0;0.0;0.0;0.0;0.0;0.0;0.0;0
110;74.72;74.72;74.72;136.28160000000003;0.0;0.0;0.0;0.0;0.0;0.0;0.0;0.0;0.0;0.0;0.0;0.0;0.0;0.0;0.0;0.0;0.0;0.0;0.0;0.0;0.0;0.0;0.0;0.0;1
111;49.8;49.8;49.8;3.600000000000003;0.0;0.0;0.0;0.0;0.0;0.0;0.0;0.0;0.0;0.0;0.0;0.0;0.0;0.0;0.0;0.0;0.0;0.0;0.0;0.0;0.0;0.0;0.0;0.0;1
112;45.0;45.0;45.0;6.4;0.0;0.0;0.0;0.0;0.0;0.0;0.0;0.0;0.0;0.0;0.0;0.0;0.0;0.0;0.0;0.0;0.0;0.0;0.0;0.0;0.0;0.0;0.0;0.0;1
113;96.76;96.76;96.76;13.0624;0.0;0.0;0.0;0.0;0.0;0.0;0.0;0.0;0.0;0.0;0.0;0.0;0.0;0.0;0.0;0.0;0.0;0.0;0.0;0.0;0.0;0.0;0.0;0.0;0
114;96.8;96.8;96.8;38.96000000000002;0.0;0.0;0.0;0.0;0.0;0.0;0.0;0.0;0.0;0.0;0.0;0.0;0.0;0.0;0.0;0.0;0.0;0.0;0.0;0.0;0.0;0.0;0.0;0.0;1
115;148.44;148.44;148.44;8.406400000000005;6375.0;12750.0;12750.0;38250.0;25500.0;38250.0;127500.0;76500.0;76500.0;127500.0;12750.0;0.0;12750.0;0.0;0.0;0.0;0.0;0.00031372549019607844;0.0;0.00031372549019607844;0.0;0.0;0.0;0.0;0
116;108.2;108.2;108.2;14.880000000000006;0.0;0.0;0.0;0.0;0.0;0.0;0.0;0.0;0.0;0.0;0.0;0.0;0.0;0.0;0.0;0.0;0.0;0.0;0.0;0.0;0.0;0.0;0.0;0.0;1
117;134.92;134.92;134.92;6.233599999999999;6375.0;12750.0;12750.0;38250.0;25500.0;38250.0;127500.0;76500.0;76500.0;127500.0;12750.0;0.0;12750.0;0.0;0.0;0.0;0.0;0.00031372549019607844;0.0;0.00031372549019607844;0.0;0.0;0.0;0.0;0
118;4.0;4.0;4.0;0.0;0.0;0.0;0.0;0.0;0.0;0.0;0.0;0.0;0.0;0.0;0.0;0.0;0.0;0.0;0.0;0.0;0.0;0.0;0.0;0.0;0.0;0.0;0.0;0.0;0
119;54.0;54.0;54.0;7.36;0.0;0.0;0.0;0.0;0.0;0.0;0.0;0.0;0.0;0.0;0.0;0.0;0.0;0.0;0.0;0.0;0.0;0.0;0.0;0.0;0.0;0.0;0.0;0.0;1
120;110.16;110.16;110.16;10.854399999999998;0.0;0.0;0.0;0.0;0.0;0.0;0.0;0.0;0.0;0.0;0.0;0.0;0.0;0.0;0.0;0.0;0.0;0.0;0.0;0.0;0.0;0.0;0.0;0.0;0
121;89.64;89.64;89.64;226.07040000000003;0.0;0.0;0.0;0.0;0.0;0.0;0.0;0.0;0.0;0.0;0.0;0.0;0.0;0.0;0.0;0.0;0.0;0.0;0.0;0.0;0.0;0.0;0.0;0.0;1
122;4.0;4.0;4.0;0.0;0.0;0.0;0.0;0.0;0.0;0.0;0.0;0.0;0.0;0.0;0.0;0.0;0.0;0.0;0.0;0.0;0.0;0.0;0.0;0.0;0.0;0.0;0.0;0.0;0
123;74.64;74.64;74.64;12.310400000000005;0.0;0.0;0.0;0.0;0.0;0.0;0.0;0.0;0.0;0.0;0.0;0.0;0.0;0.0;0.0;0.0;0.0;0.0;0.0;0.0;0.0;0.0;0.0;0.0;1
124;80.64;80.64;80.64;26.9504;0.0;0.0;0.0;0.0;0.0;0.0;0.0;0.0;0.0;0.0;0.0;0.0;0.0;0.0;0.0;0.0;0.0;0.0;0.0;0.0;0.0;0.0;0.0;0.0;1
125;98.0;98.0;98.0;4.8;0.0;0.0;0.0;0.0;0.0;0.0;0.0;0.0;0.0;0.0;0.0;0.0;0.0;0.0;0.0;0.0;0.0;0.0;0.0;0.0;0.0;0.0;0.0;0.0;0
126;4.0;4.0;4.0;0.0;0.0;0.0;0.0;0.0;0.0;0.0;0.0;0.0;0.0;0.0;0.0;0.0;0.0;0.0;0.0;0.0;0.0;0.0;0.0;0.0;0.0;0.0;0.0;0.0;0
127;152.0;152.0;152.0;0.0;6375.0;12750.0;12750.0;38250.0;25500.0;38250.0;127500.0;76500.0;76500.0;127500.0;12750.0;0.0;12750.0;0.0;0.0;0.0;0.0;0.00031372549019607844;0.0;0.00031372549019607844;0.0;0.0;0.0;0.0;0
128;116.68;116.68;116.68;5.977599999999995;0.0;0.0;0.0;0.0;0.0;0.0;0.0;0.0;0.0;0.0;0.0;0.0;0.0;0.0;0.0;0.0;0.0;0.0;0.0;0.0;0.0;0.0;0.0;0.0;0
129;76.24;76.24;76.24;33.782399999999996;0.0;0.0;0.0;0.0;0.0;0.0;0.0;0.0;0.0;0.0;0.0;0.0;0.0;0.0;0.0;0.0;0.0;0.0;0.0;0.0;0.0;0.0;0.0;0.0;1
130;118.04;118.04;118.04;67.95840000000001;510.0;2040.0;255.0;8160.0;1020.0;255.0;32640.0;4080.0;1020.0;255.0;0.0;0.0;127.5;0.0;0.0;0.0;0.0;0.0;0.0;0.0004901960784313725;0.0;0.0;0.0;0.0;0
131;99.96;99.96;99.96;34.118400000000015;0.0;0.0;0.0;0.0;0.0;0.0;0.0;0.0;0.0;0.0;0.0;0.0;0.0;0.0;0.0;0.0;0.0;0.0;0.0;0.0;0.0;0.0;0.0;0.0;1
132;119.16;119.16;119.16;3.254399999999999;0.0;0.0;0.0;0.0;0.0;0.0;0.0;0.0;0.0;0.0;0.0;0.0;0.0;0.0;0.0;0.0;0.0;0.0;0.0;0.0;0.0;0.0;0.0;0.0;0
133;95.0;95.0;95.0;13.68;0.0;0.0;0.0;0.0;0.0;0.0;0.0;0.0;0.0;0.0;0.0;0.0;0.0;0.0;0.0;0.0;0.0;0.0;0.0;0.0;0.0;0.0;0.0;0.0;1
134;144.4;144.4;144.4;1.4399999999999995;6375.0;12750.0;12750.0;38250.0;25500.0;38250.0;127500.0;76500.0;76500.0;127500.0;12750.0;0.0;12750.0;0.0;0.0;0.0;0.0;0.00031372549019607844;0.0;0.00031372549019607844;0.0;0.0;0.0;0.0;0
135;115.92;115.92;115.92;1.6735999999999995;0.0;0.0;0.0;0.0;0.0;0.0;0.0;0.0;0.0;0.0;0.0;0.0;0.0;0.0;0.0;0.0;0.0;0.0;0.0;0.0;0.0;0.0;0.0;0.0;0
136;52.2;52.2;52.2;1.2000000000000008;0.0;0.0;0.0;0.0;0.0;0.0;0.0;0.0;0.0;0.0;0.0;0.0;0.0;0.0;0.0;0.0;0.0;0.0;0.0;0.0;0.0;0.0;0.0;0.0;1
137;87.84;87.84;87.84;21.014399999999995;0.0;0.0;0.0;0.0;0.0;0.0;0.0;0.0;0.0;0.0;0.0;0.0;0.0;0.0;0.0;0.0;0.0;0.0;0.0;0.0;0.0;0.0;0.0;0.0;1
138;78.8;78.8;78.8;3.3600000000000008;0.0;0.0;0.0;0.0;0.0;0.0;0.0;0.0;0.0;0.0;0.0;0.0;0.0;0.0;0.0;0.0;0.0;0.0;0.0;0.0;0.0;0.0;0.0;0.0;1
139;44.96;44.96;44.96;3.8784;0.0;0.0;0.0;0.0;0.0;0.0;0.0;0.0;0.0;0.0;0.0;0.0;0.0;0.0;0.0;0.0;0.0;0.0;0.0;0.0;0.0;0.0;0.0;0.0;1
140;96.88;96.88;96.88;76.18560000000001;0.0;0.0;0.0;0.0;0.0;0.0;0.0;0.0;0.0;0.0;0.0;0.0;0.0;0.0;0.0;0.0;0.0;0.0;0.0;0.0;0.0;0.0;0.0;0.0;1
141;84.52;84.52;84.52;5.4495999999999984;0.0;0.0;0.0;0.0;0.0;0.0;0.0;0.0;0.0;0.0;0.0;0.0;0.0;0.0;0.0;0.0;0.0;0.0;0.0;0.0;0.0;0.0;0.0;0.0;1
142;77.6;77.6;77.6;22.08000000000002;0.0;0.0;0.0;0.0;0.0;0.0;0.0;0.0;0.0;0.0;0.0;0.0;0.0;0.0;0.0;0.0;0.0;0.0;0.0;0.0;0.0;0.0;0.0;0.0;1
143;122.84;122.84;122.84;9.414399999999999;0.0;0.0;0.0;0.0;0.0;0.0;0.0;0.0;0.0;0.0;0.0;0.0;0.0;0.0;0.0;0.0;0.0;0.0;0.0;0.0;0.0;0.0;0.0;0.0;0
144;151.2;151.2;151.2;4.639999999999997;6375.0;12750.0;12750.0;38250.0;25500.0;38250.0;127500.0;76500.0;76500.0;127500.0;12750.0;0.0;12750.0;0.0;0.0;0.0;0.0;0.00031372549019607844;0.0;0.00031372549019607844;0.0;0.0;0.0;0.0;0
145;87.12;87.12;87.12;18.185600000000004;0.0;0.0;0.0;0.0;0.0;0.0;0.0;0.0;0.0;0.0;0.0;0.0;0.0;0.0;0.0;0.0;0.0;0.0;0.0;0.0;0.0;0.0;0.0;0.0;1
146;106.2;106.2;106.2;2.2399999999999993;0.0;0.0;0.0;0.0;0.0;0.0;0.0;0.0;0.0;0.0;0.0;0.0;0.0;0.0;0.0;0.0;0.0;0.0;0.0;0.0;0.0;0.0;0.0;0.0;0
147;100.48;100.48;100.48;4.5695999999999986;0.0;0.0;0.0;0.0;0.0;0.0;0.0;0.0;0.0;0.0;0.0;0.0;0.0;0.0;0.0;0.0;0.0;0.0;0.0;0.0;0.0;0.0;0.0;0.0;0
148;86.04;86.04;86.04;25.558400000000002;0.0;0.0;0.0;0.0;0.0;0.0;0.0;0.0;0.0;0.0;0.0;0.0;0.0;0.0;0.0;0.0;0.0;0.0;0.0;0.0;0.0;0.0;0.0;0.0;1
149;57.08;57.08;57.08;13.833600000000006;0.0;0.0;0.0;0.0;0.0;0.0;0.0;0.0;0.0;0.0;0.0;0.0;0.0;0.0;0.0;0.0;0.0;0.0;0.0;0.0;0.0;0.0;0.0;0.0;1
150;115.72;115.72;115.72;0.9216000000000004;0.0;0.0;0.0;0.0;0.0;0.0;0.0;0.0;0.0;0.0;0.0;0.0;0.0;0.0;0.0;0.0;0.0;0.0;0.0;0.0;0.0;0.0;0.0;0.0;0
151;87.52;87.52;87.52;31.44960000000002;0.0;0.0;0.0;0.0;0.0;0.0;0.0;0.0;0.0;0.0;0.0;0.0;0.0;0.0;0.0;0.0;0.0;0.0;0.0;0.0;0.0;0.0;0.0;0.0;1
152;100.4;100.4;100.4;1.4399999999999995;0.0;0.0;0.0;0.0;0.0;0.0;0.0;0.0;0.0;0.0;0.0;0.0;0.0;0.0;0.0;0.0;0.0;0.0;0.0;0.0;0.0;0.0;0.0;0.0;0
153;92.64;92.64;92.64;9.990400000000006;0.0;0.0;0.0;0.0;0.0;0.0;0.0;0.0;0.0;0.0;0.0;0.0;0.0;0.0;0.0;0.0;0.0;0.0;0.0;0.0;0.0;0.0;0.0;0.0;1
154;142.12;142.12;142.12;0.5056000000000003;6375.0;12750.0;12750.0;38250.0;25500.0;38250.0;127500.0;76500.0;76500.0;127500.0;12750.0;0.0;12750.0;0.0;0.0;0.0;0.0;0.00031372549019607844;0.0;0.00031372549019607844;0.0;0.0;0.0;0.0;0
155;120.44;120.44;120.44;1.5263999999999984;0.0;0.0;0.0;0.0;0.0;0.0;0.0;0.0;0.0;0.0;0.0;0.0;0.0;0.0;0.0;0.0;0.0;0.0;0.0;0.0;0.0;0.0;0.0;0.0;0
156;100.44;100.44;100.44;1.2863999999999987;0.0;0.0;0.0;0.0;0.0;0.0;0.0;0.0;0.0;0.0;0.0;0.0;0.0;0.0;0.0;0.0;0.0;0.0;0.0;0.0;0.0;0.0;0.0;0.0;0
157;111.96;111.96;111.96;9.638399999999997;0.0;0.0;0.0;0.0;0.0;0.0;0.0;0.0;0.0;0.0;0.0;0.0;0.0;0.0;0.0;0.0;0.0;0.0;0.0;0.0;0.0;0.0;0.0;0.0;0
158;83.48;83.48;83.48;0.9696;0.0;0.0;0.0;0.0;0.0;0.0;0.0;0.0;0.0;0.0;0.0;0.0;0.0;0.0;0.0;0.0;0.0;0.0;0.0;0.0;0.0;0.0;0.0;0.0;0
159;103.12;103.12;103.12;4.345599999999997;0.0;0.0;0.0;0.0;0.0;0.0;0.0;0.0;0.0;0.0;0.0;0.0;0.0;0.0;0.0;0.0;0.0;0.0;0.0;0.0;0.0;0.0;0.0;0.0;0
160;88.76;88.76;88.76;4.822399999999998;0.0;0.0;0.0;0.0;0.0;0.0;0.0;0.0;0.0;0.0;0.0;0.0;0.0;0.0;0.0;0.0;0.0;0.0;0.0;0.0;0.0;0.0;0.0;0.0;1
161;62.4;62.4;62.4;1.44;0.0;0.0;0.0;0.0;0.0;0.0;0.0;0.0;0.0;0.0;0.0;0.0;0.0;0.0;0.0;0.0;0.0;0.0;0.0;0.0;0.0;0.0;0.0;0.0;1
162;138.96;138.96;138.96;0.7584000000000003;6375.0;12750.0;12750.0;38250.0;25500.0;38250.0;127500.0;76500.0;76500.0;127500.0;12750.0;0.0;12750.0;0.0;0.0;0.0;0.0;0.00031372549019607844;0.0;0.00031372549019607844;0.0;0.0;0.0;0.0;0
163;140.04;140.04;140.04;2.198399999999999;6375.0;12750.0;12750.0;38250.0;25500.0;38250.0;127500.0;76500.0;76500.0;127500.0;12750.0;0.0;12750.0;0.0;0.0;0.0;0.0;0.00031372549019607844;0.0;0.00031372549019607844;0.0;0.0;0.0;0.0;0
164;91.44;91.44;91.44;148.16639999999998;0.0;0.0;0.0;0.0;0.0;0.0;0.0;0.0;0.0;0.0;0.0;0.0;0.0;0.0;0.0;0.0;0.0;0.0;0.0;0.0;0.0;0.0;0.0;0.0;1
165;118.28;118.28;118.28;11.881599999999993;0.0;0.0;0.0;0.0;0.0;0.0;0.0;0.0;0.0;0.0;0.0;0.0;0.0;0.0;0.0;0.0;0.0;0.0;0.0;0.0;0.0;0.0;0.0;0.0;0
166;142.72;142.72;142.72;6.441599999999997;6375.0;12750.0;12750.0;38250.0;25500.0;38250.0;127500.0;76500.0;76500.0;127500.0;12750.0;0.0;12750.0;0.0;0.0;0.0;0.0;0.00031372549019607844;0.0;0.00031372549019607844;0.0;0.0;0.0;0.0;0
167;144.48;144.48;144.48;12.569599999999998;6375.0;12750.0;12750.0;38250.0;25500.0;38250.0;127500.0;76500.0;76500.0;127500.0;12750.0;0.0;12750.0;0.0;0.0;0.0;0.0;0.00031372549019607844;0.0;0.00031372549019607844;0.0;0.0;0.0;0.0;0
168;135.0;135.0;135.0;10.08;5865.0;10965.0;11730.0;31875.0;21930.0;36210.0;104295.0;63750.0;69360.0;123420.0;11375.217391304348;0.0;12750.0;2169.1871455576766;0.0;1663.0434782608718;0.0;0.00033069198748785286;0.0;0.0003706586604396011;8.234305601937079e-07;0.0;6.312967628151709e-07;0.0;1
169;106.2;106.2;106.2;6.479999999999999;0.0;0.0;0.0;0.0;0.0;0.0;0.0;0.0;0.0;0.0;0.0;0.0;0.0;0.0;0.0;0.0;0.0;0.0;0.0;0.0;0.0;0.0;0.0;0.0;0
170;99.24;99.24;99.24;0.6623999999999998;0.0;0.0;0.0;0.0;0.0;0.0;0.0;0.0;0.0;0.0;0.0;0.0;0.0;0.0;0.0;0.0;0.0;0.0;0.0;0.0;0.0;0.0;0.0;0.0;1
171;173.56;173.56;173.56;61.92639999999997;6375.0;12750.0;12750.0;38250.0;25500.0;38250.0;127500.0;76500.0;76500.0;127500.0;12750.0;0.0;12750.0;0.0;0.0;0.0;0.0;0.00031372549019607844;0.0;0.00031372549019607844;0.0;0.0;0.0;0.0;1
172;4.0;4.0;4.0;0.0;0.0;0.0;0.0;0.0;0.0;0.0;0.0;0.0;0.0;0.0;0.0;0.0;0.0;0.0;0.0;0.0;0.0;0.0;0.0;0.0;0.0;0.0;0.0;0.0;0
173;60.48;60.48;60.48;4.569600000000004;0.0;0.0;0.0;0.0;0.0;0.0;0.0;0.0;0.0;0.0;0.0;0.0;0.0;0.0;0.0;0.0;0.0;0.0;0.0;0.0;0.0;0.0;0.0;0.0;0
174;111.92;111.92;111.92;7.833600000000004;0.0;0.0;0.0;0.0;0.0;0.0;0.0;0.0;0.0;0.0;0.0;0.0;0.0;0.0;0.0;0.0;0.0;0.0;0.0;0.0;0.0;0.0;0.0;0.0;0
175;143.04;143.04;143.04;14.918399999999995;6375.0;12750.0;12750.0;38250.0;25500.0;38250.0;127500.0;76500.0;76500.0;127500.0;12750.0;0.0;12750.0;0.0;0.0;0.0;0.0;0.00031372549019607844;0.0;0.00031372549019607844;0.0;0.0;0.0;0.0;0
176;93.6;93.6;93.6;0.6399999999999992;0.0;0.0;0.0;0.0;0.0;0.0;0.0;0.0;0.0;0.0;0.0;0.0;0.0;0.0;0.0;0.0;0.0;0.0;0.0;0.0;0.0;0.0;0.0;0.0;0
177;106.92;106.92;106.92;4.7936;0.0;0.0;0.0;0.0;0.0;0.0;0.0;0.0;0.0;0.0;0.0;0.0;0.0;0.0;0.0;0.0;0.0;0.0;0.0;0.0;0.0;0.0;0.0;0.0;0
178;112.36;112.36;112.36;4.0703999999999985;0.0;0.0;0.0;0.0;0.0;0.0;0.0;0.0;0.0;0.0;0.0;0.0;0.0;0.0;0.0;0.0;0.0;0.0;0.0;0.0;0.0;0.0;0.0;0.0;0
179;123.16;123.16;123.16;36.85440000000001;1785.0;510.0;4335.0;510.0;1785.0;14025.0;510.0;1785.0;6375.0;48705.0;364.28571428571433;546.4285714285716;3497.1428571428587;156.12244897959175;234.1836734693877;-286.2244897959183;-2341.836734693883;0.00011433144686446007;0.0001714971702966901;0.001097581889898817;1.1597644812973773e-06;1.7396467219460668e-06;-2.126234882378526e-06;-1.7396467219460712e-05;1
180;4.0;4.0;4.0;0.0;0.0;0.0;0.0;0.0;0.0;0.0;0.0;0.0;0.0;0.0;0.0;0.0;0.0;0.0;0.0;0.0;0.0;0.0;0.0;0.0;0.0;0.0;0.0;0.0;0
181;99.36;99.36;99.36;19.350400000000004;0.0;0.0;0.0;0.0;0.0;0.0;0.0;0.0;0.0;0.0;0.0;0.0;0.0;0.0;0.0;0.0;0.0;0.0;0.0;0.0;0.0;0.0;0.0;0.0;0
182;70.56;70.56;70.56;18.966400000000004;0.0;0.0;0.0;0.0;0.0;0.0;0.0;0.0;0.0;0.0;0.0;0.0;0.0;0.0;0.0;0.0;0.0;0.0;0.0;0.0;0.0;0.0;0.0;0.0;1
183;141.88;141.88;141.88;11.3056;6375.0;12750.0;12750.0;38250.0;25500.0;38250.0;127500.0;76500.0;76500.0;127500.0;12750.0;0.0;12750.0;0.0;0.0;0.0;0.0;0.00031372549019607844;0.0;0.00031372549019607844;0.0;0.0;0.0;0.0;0
184;4.2;4.2;4.2;2.1600000000000006;0.0;0.0;0.0;0.0;0.0;0.0;0.0;0.0;0.0;0.0;0.0;0.0;0.0;0.0;0.0;0.0;0.0;0.0;0.0;0.0;0.0;0.0;0.0;0.0;0
185;136.32;136.32;136.32;5.577599999999998;6375.0;12750.0;12750.0;38250.0;25500.0;38250.0;127500.0;76500.0;76500.0;127500.0;12750.0;0.0;12750.0;0.0;0.0;0.0;0.0;0.00031372549019607844;0.0;0.00031372549019607844;0.0;0.0;0.0;0.0;0
186;62.88;62.88;62.88;21.625600000000006;0.0;0.0;0.0;0.0;0.0;0.0;0.0;0.0;0.0;0.0;0.0;0.0;0.0;0.0;0.0;0.0;0.0;0.0;0.0;0.0;0.0;0.0;0.0;0.0;1
187;67.56;67.56;67.56;1.7664000000000002;0.0;0.0;0.0;0.0;0.0;0.0;0.0;0.0;0.0;0.0;0.0;0.0;0.0;0.0;0.0;0.0;0.0;0.0;0.0;0.0;0.0;0.0;0.0;0.0;0
188;142.48;142.48;142.48;33.5296;6120.0;12750.0;11730.0;38250.0;25500.0;34170.0;127500.0;76500.0;76500.0;111180.0;11687.500000000004;1062.5000000000036;11687.5;-885.4166666666715;-1239.5833333333358;1239.5833333333358;885.4166666666715;0.00031204611474219325;2.8367828612926745e-05;0.00031204611474219314;-3.021823799407989e-07;-4.2305533191711696e-07;4.2305533191711696e-07;3.021823799407989e-07;1
189;70.52;70.52;70.52;36.72960000000001;0.0;0.0;0.0;0.0;0.0;0.0;0.0;0.0;0.0;0.0;0.0;0.0;0.0;0.0;0.0;0.0;0.0;0.0;0.0;0.0;0.0;0.0;0.0;0.0;1
190;123.48;123.48;123.48;0.24960000000000007;0.0;0.0;0.0;0.0;0.0;0.0;0.0;0.0;0.0;0.0;0.0;0.0;0.0;0.0;0.0;0.0;0.0;0.0;0.0;0.0;0.0;0.0;0.0;0.0;0
191;134.24;134.24;134.24;20.982399999999988;6120.0;12750.0;12750.0;38250.0;25500.0;38250.0;127500.0;76500.0;76500.0;127500.0;11687.500000000004;-1062.4999999999964;11687.500000000004;-885.4166666666715;1239.5833333333285;1239.5833333333285;-885.4166666666715;0.00031204611474219325;-2.8367828612926552e-05;0.00031204611474219325;-3.021823799407989e-07;4.230553319171145e-07;4.230553319171145e-07;-3.021823799407989e-07;1
192;100.4;100.4;100.4;104.72000000000003;0.0;0.0;0.0;0.0;0.0;0.0;0.0;0.0;0.0;0.0;0.0;0.0;0.0;0.0;0.0;0.0;0.0;0.0;0.0;0.0;0.0;0.0;0.0;0.0;1
193;89.8;89.8;89.8;9.679999999999996;0.0;0.0;0.0;0.0;0.0;0.0;0.0;0.0;0.0;0.0;0.0;0.0;0.0;0.0;0.0;0.0;0.0;0.0;0.0;0.0;0.0;0.0;0.0;0.0;1
194;86.56;86.56;86.56;156.96640000000005;0.0;0.0;0.0;0.0;0.0;0.0;0.0;0.0;0.0;0.0;0.0;0.0;0.0;0.0;0.0;0.0;0.0;0.0;0.0;0.0;0.0;0.0;0.0;0.0;1
195;133.4;133.4;133.4;2.2399999999999993;6375.0;12750.0;12750.0;38250.0;25500.0;38250.0;127500.0;76500.0;76500.0;127500.0;12750.0;0.0;12750.0;0.0;0.0;0.0;0.0;0.00031372549019607844;0.0;0.00031372549019607844;0.0;0.0;0.0;0.0;0
196;118.88;118.88;118.88;4.505599999999997;0.0;0.0;0.0;0.0;0.0;0.0;0.0;0.0;0.0;0.0;0.0;0.0;0.0;0.0;0.0;0.0;0.0;0.0;0.0;0.0;0.0;0.0;0.0;0.0;0
197;120.2;120.2;120.2;12.960000000000004;0.0;0.0;0.0;0.0;0.0;0.0;0.0;0.0;0.0;0.0;0.0;0.0;0.0;0.0;0.0;0.0;0.0;0.0;0.0;0.0;0.0;0.0;0.0;0.0;1
198;101.2;101.2;101.2;20.72;0.0;0.0;0.0;0.0;0.0;0.0;0.0;0.0;0.0;0.0;0.0;0.0;0.0;0.0;0.0;0.0;0.0;0.0;0.0;0.0;0.0;0.0;0.0;0.0;0
199;109.92;109.92;109.92;6.553600000000001;0.0;0.0;0.0;0.0;0.0;0.0;0.0;0.0;0.0;0.0;0.0;0.0;0.0;0.0;0.0;0.0;0.0;0.0;0.0;0.0;0.0;0.0;0.0;0.0;0
200;75.0;75.0;75.0;0.0;0.0;0.0;0.0;0.0;0.0;0.0;0.0;0.0;0.0;0.0;0.0;0.0;0.0;0.0;0.0;0.0;0.0;0.0;0.0;0.0;0.0;0.0;0.0;0.0;0
201;98.92;98.92;98.92;8.553600000000007;0.0;0.0;0.0;0.0;0.0;0.0;0.0;0.0;0.0;0.0;0.0;0.0;0.0;0.0;0.0;0.0;0.0;0.0;0.0;0.0;0.0;0.0;0.0;0.0;1
202;85.72;85.72;85.72;22.681599999999992;0.0;0.0;0.0;0.0;0.0;0.0;0.0;0.0;0.0;0.0;0.0;0.0;0.0;0.0;0.0;0.0;0.0;0.0;0.0;0.0;0.0;0.0;0.0;0.0;1
203;3.0;3.0;3.0;0.0;0.0;0.0;0.0;0.0;0.0;0.0;0.0;0.0;0.0;0.0;0.0;0.0;0.0;0.0;0.0;0.0;0.0;0.0;0.0;0.0;0.0;0.0;0.0;0.0;0
204;113.12;113.12;113.12;170.26560000000003;765.0;0.0;2295.0;0.0;0.0;7395.0;0.0;0.0;0.0;25245.0;0.0;0.0;510.0;0.0;0.0;0.0;0.0;0.0;0.0;0.0008714596949891066;0.0;0.0;0.0;0.0;1
205;95.2;95.2;95.2;125.84;0.0;0.0;0.0;0.0;0.0;0.0;0.0;0.0;0.0;0.0;0.0;0.0;0.0;0.0;0.0;0.0;0.0;0.0;0.0;0.0;0.0;0.0;0.0;0.0;1
206;3.0;3.0;3.0;0.0;0.0;0.0;0.0;0.0;0.0;0.0;0.0;0.0;0.0;0.0;0.0;0.0;0.0;0.0;0.0;0.0;0.0;0.0;0.0;0.0;0.0;0.0;0.0;0.0;0
207;121.68;121.68;121.68;15.337599999999997;0.0;0.0;0.0;0.0;0.0;0.0;0.0;0.0;0.0;0.0;0.0;0.0;0.0;0.0;0.0;0.0;0.0;0.0;0.0;0.0;0.0;0.0;0.0;0.0;0
208;107.92;107.92;107.92;12.153600000000006;0.0;0.0;0.0;0.0;0.0;0.0;0.0;0.0;0.0;0.0;0.0;0.0;0.0;0.0;0.0;0.0;0.0;0.0;0.0;0.0;0.0;0.0;0.0;0.0;1
209;154.48;154.48;154.48;2.3295999999999992;6375.0;12750.0;12750.0;38250.0;25500.0;38250.0;127500.0;76500.0;76500.0;127500.0;12750.0;0.0;12750.0;0.0;0.0;0.0;0.0;0.00031372549019607844;0.0;0.00031372549019607844;0.0;0.0;0.0;0.0;0
210;79.52;79.52;79.52;5.5295999999999985;0.0;0.0;0.0;0.0;0.0;0.0;0.0;0.0;0.0;0.0;0.0;0.0;0.0;0.0;0.0;0.0;0.0;0.0;0.0;0.0;0.0;0.0;0.0;0.0;1
211;162.56;162.56;162.56;0.8063999999999987;6375.0;12750.0;12750.0;38250.0;25500.0;38250.0;127500.0;76500.0;76500.0;127500.0;12750.0;0.0;12750.0;0.0;0.0;0.0;0.0;0.00031372549019607844;0.0;0.00031372549019607844;0.0;0.0;0.0;0.0;0
212;150.52;150.52;150.52;26.489600000000003;6375.0;12750.0;12750.0;38250.0;25500.0;38250.0;127500.0;76500.0;76500.0;127500.0;12750.0;0.0;12750.0;0.0;0.0;0.0;0.0;0.00031372549019607844;0.0;0.00031372549019607844;0.0;0.0;0.0;0.0;0
213;112.48;112.48;112.48;156.0896;1020.0;3315.0;255.0;11475.0;1020.0;255.0;41565.0;4080.0;1020.0;255.0;701.25;191.25;191.25;-286.875;-31.875;95.625;95.625;0.0006740196078431371;0.00018382352941176468;0.00018382352941176468;-8.633606954298936e-06;-9.592896615887706e-07;2.877868984766312e-06;2.877868984766312e-06;1
214;120.56;120.56;120.56;1.7663999999999995;0.0;0.0;0.0;0.0;0.0;0.0;0.0;0.0;0.0;0.0;0.0;0.0;0.0;0.0;0.0;0.0;0.0;0.0;0.0;0.0;0.0;0.0;0.0;0.0;0
215;3.0;3.0;3.0;0.0;0.0;0.0;0.0;0.0;0.0;0.0;0.0;0.0;0.0;0.0;0.0;0.0;0.0;0.0;0.0;0.0;0.0;0.0;0.0;0.0;0.0;0.0;0.0;0.0;0
216;68.84;68.84;68.84;31.0944;0.0;0.0;0.0;0.0;0.0;0.0;0.0;0.0;0.0;0.0;0.0;0.0;0.0;0.0;0.0;0.0;0.0;0.0;0.0;0.0;0.0;0.0;0.0;0.0;1
217;94.8;94.8;94.8;16.479999999999997;0.0;0.0;0.0;0.0;0.0;0.0;0.0;0.0;0.0;0.0;0.0;0.0;0.0;0.0;0.0;0.0;0.0;0.0;0.0;0.0;0.0;0.0;0.0;0.0;0
218;4.0;4.0;4.0;0.0;0.0;0.0;0.0;0.0;0.0;0.0;0.0;0.0;0.0;0.0;0.0;0.0;0.0;0.0;0.0;0.0;0.0;0.0;0.0;0.0;0.0;0.0;0.0;0.0;0
219;64.68;64.68;64.68;10.297599999999997;0.0;0.0;0.0;0.0;0.0;0.0;0.0;0.0;0.0;0.0;0.0;0.0;0.0;0.0;0.0;0.0;0.0;0.0;0.0;0.0;0.0;0.0;0.0;0.0;1
220;70.32;70.32;70.32;14.697599999999996;0.0;0.0;0.0;0.0;0.0;0.0;0.0;0.0;0.0;0.0;0.0;0.0;0.0;0.0;0.0;0.0;0.0;0.0;0.0;0.0;0.0;0.0;0.0;0.0;1
221;60.96;60.96;60.96;12.998399999999998;0.0;0.0;0.0;0.0;0.0;0.0;0.0;0.0;0.0;0.0;0.0;0.0;0.0;0.0;0.0;0.0;0.0;0.0;0.0;0.0;0.0;0.0;0.0;0.0;1
222;91.92;91.92;91.92;13.833600000000002;0.0;0.0;0.0;0.0;0.0;0.0;0.0;0.0;0.0;0.0;0.0;0.0;0.0;0.0;0.0;0.0;0.0;0.0;0.0;0.0;0.0;0.0;0.0;0.0;0
223;139.04;139.04;139.04;3.158399999999998;6375.0;12750.0;12750.0;38250.0;25500.0;38250.0;127500.0;76500.0;76500.0;127500.0;12750.0;0.0;12750.0;0.0;0.0;0.0;0.0;0.00031372549019607844;0.0;0.00031372549019607844;0.0;0.0;0.0;0.0;1
224;94.24;94.24;94.24;2.822400000000001;0.0;0.0;0.0;0.0;0.0;0.0;0.0;0.0;0.0;0.0;0.0;0.0;0.0;0.0;0.0;0.0;0.0;0.0;0.0;0.0;0.0;0.0;0.0;0.0;0
225;117.48;117.48;117.48;42.4896;1275.0;5100.0;2550.0;20400.0;10200.0;7650.0;81600.0;40800.0;30600.0;25500.0;0.0;0.0;2550.0;0.0;0.0;0.0;0.0;0.0;0.0;0.001568627450980392;0.0;0.0;0.0;0.0;1
226;135.2;135.2;135.2;2.5599999999999987;6375.0;12750.0;12750.0;38250.0;25500.0;38250.0;127500.0;76500.0;76500.0;127500.0;12750.0;0.0;12750.0;0.0;0.0;0.0;0.0;0.00031372549019607844;0.0;0.00031372549019607844;0.0;0.0;0.0;0.0;0
227;91.44;91.44;91.44;4.166400000000002;0.0;0.0;0.0;0.0;0.0;0.0;0.0;0.0;0.0;0.0;0.0;0.0;0.0;0.0;0.0;0.0;0.0;0.0;0.0;0.0;0.0;0.0;0.0;0.0;0
228;105.44;105.44;105.44;3.926400000000001;0.0;0.0;0.0;0.0;0.0;0.0;0.0;0.0;0.0;0.0;0.0;0.0;0.0;0.0;0.0;0.0;0.0;0.0;0.0;0.0;0.0;0.0;0.0;0.0;0
229;123.08;123.08;123.08;3.6736;0.0;0.0;0.0;0.0;0.0;0.0;0.0;0.0;0.0;0.0;0.0;0.0;0.0;0.0;0.0;0.0;0.0;0.0;0.0;0.0;0.0;0.0;0.0;0.0;0
230;122.4;122.4;122.4;1.4399999999999995;0.0;0.0;0.0;0.0;0.0;0.0;0.0;0.0;0.0;0.0;0.0;0.0;0.0;0.0;0.0;0.0;0.0;0.0;0.0;0.0;0.0;0.0;0.0;0.0;0
231;66.72;66.72;66.72;0.9216000000000002;0.0;0.0;0.0;0.0;0.0;0.0;0.0;0.0;0.0;0.0;0.0;0.0;0.0;0.0;0.0;0.0;0.0;0.0;0.0;0.0;0.0;0.0;0.0;0.0;0
232;101.32;101.32;101.32;130.69760000000002;0.0;0.0;0.0;0.0;0.0;0.0;0.0;0.0;0.0;0.0;0.0;0.0;0.0;0.0;0.0;0.0;0.0;0.0;0.0;0.0;0.0;0.0;0.0;0.0;1
233;62.24;62.24;62.24;38.7424;0.0;0.0;0.0;0.0;0.0;0.0;0.0;0.0;0.0;0.0;0.0;0.0;0.0;0.0;0.0;0.0;0.0;0.0;0.0;0.0;0.0;0.0;0.0;0.0;1
234;89.4;89.4;89.4;1.4399999999999995;0.0;0.0;0.0;0.0;0.0;0.0;0.0;0.0;0.0;0.0;0.0;0.0;0.0;0.0;0.0;0.0;0.0;0.0;0.0;0.0;0.0;0.0;0.0;0.0;0
235;103.88;103.88;103.88;3.2255999999999996;0.0;0.0;0.0;0.0;0.0;0.0;0.0;0.0;0.0;0.0;0.0;0.0;0.0;0.0;0.0;0.0;0.0;0.0;0.0;0.0;0.0;0.0;0.0;0.0;0
236;96.4;96.4;96.4;19.120000000000005;0.0;0.0;0.0;0.0;0.0;0.0;0.0;0.0;0.0;0.0;0.0;0.0;0.0;0.0;0.0;0.0;0.0;0.0;0.0;0.0;0.0;0.0;0.0;0.0;1
237;77.32;77.32;77.32;10.057599999999995;0.0;0.0;0.0;0.0;0.0;0.0;0.0;0.0;0.0;0.0;0.0;0.0;0.0;0.0;0.0;0.0;0.0;0.0;0.0;0.0;0.0;0.0;0.0;0.0;0
238;51.96;51.96;51.96;0.038400000000000004;0.0;0.0;0.0;0.0;0.0;0.0;0.0;0.0;0.0;0.0;0.0;0.0;0.0;0.0;0.0;0.0;0.0;0.0;0.0;0.0;0.0;0.0;0.0;0.0;1
239;49.76;49.76;49.76;27.6224;0.0;0.0;0.0;0.0;0.0;0.0;0.0;0.0;0.0;0.0;0.0;0.0;0.0;0.0;0.0;0.0;0.0;0.0;0.0;0.0;0.0;0.0;0.0;0.0;1
240;46.32;46.32;46.32;11.417600000000002;0.0;0.0;0.0;0.0;0.0;0.0;0.0;0.0;0.0;0.0;0.0;0.0;0.0;0.0;0.0;0.0;0.0;0.0;0.0;0.0;0.0;0.0;0.0;0.0;1
241;69.68;69.68;69.68;24.777599999999996;0.0;0.0;0.0;0.0;0.0;0.0;0.0;0.0;0.0;0.0;0.0;0.0;0.0;0.0;0.0;0.0;0.0;0.0;0.0;0.0;0.0;0.0;0.0;0.0;1
242;122.0;122.0;122.0;0.0;0.0;0.0;0.0;0.0;0.0;0.0;0.0;0.0;0.0;0.0;0.0;0.0;0.0;0.0;0.0;0.0;0.0;0.0;0.0;0.0;0.0;0.0;0.0;0.0;0
243;95.28;95.28;95.28;7.081600000000002;0.0;0.0;0.0;0.0;0.0;0.0;0.0;0.0;0.0;0.0;0.0;0.0;0.0;0.0;0.0;0.0;0.0;0.0;0.0;0.0;0.0;0.0;0.0;0.0;1
244;52.16;52.16;52.16;15.8144;0.0;0.0;0.0;0.0;0.0;0.0;0.0;0.0;0.0;0.0;0.0;0.0;0.0;0.0;0.0;0.0;0.0;0.0;0.0;0.0;0.0;0.0;0.0;0.0;1
245;112.6;112.6;112.6;0.6399999999999997;0.0;0.0;0.0;0.0;0.0;0.0;0.0;0.0;0.0;0.0;0.0;0.0;0.0;0.0;0.0;0.0;0.0;0.0;0.0;0.0;0.0;0.0;0.0;0.0;0
246;4.0;4.0;4.0;0.0;0.0;0.0;0.0;0.0;0.0;0.0;0.0;0.0;0.0;0.0;0.0;0.0;0.0;0.0;0.0;0.0;0.0;0.0;0.0;0.0;0.0;0.0;0.0;0.0;0
247;149.4;149.4;149.4;1.4399999999999995;6375.0;12750.0;12750.0;38250.0;25500.0;38250.0;127500.0;76500.0;76500.0;127500.0;12750.0;0.0;12750.0;0.0;0.0;0.0;0.0;0.00031372549019607844;0.0;0.00031372549019607844;0.0;0.0;0.0;0.0;0
248;98.16;98.16;98.16;99.81440000000002;0.0;0.0;0.0;0.0;0.0;0.0;0.0;0.0;0.0;0.0;0.0;0.0;0.0;0.0;0.0;0.0;0.0;0.0;0.0;0.0;0.0;0.0;0.0;0.0;1
249;55.8;55.8;55.8;6.719999999999998;0.0;0.0;0.0;0.0;0.0;0.0;0.0;0.0;0.0;0.0;0.0;0.0;0.0;0.0;0.0;0.0;0.0;0.0;0.0;0.0;0.0;0.0;0.0;0.0;1
250;151.28;151.28;151.28;7.321599999999992;6375.0;12750.0;12750.0;38250.0;25500.0;38250.0;127500.0;76500.0;76500.0;127500.0;12750.0;0.0;12750.0;0.0;0.0;0.0;0.0;0.00031372549019607844;0.0;0.00031372549019607844;0.0;0.0;0.0;0.0;0
251;109.24;109.24;109.24;8.342400000000003;0.0;0.0;0.0;0.0;0.0;0.0;0.0;0.0;0.0;0.0;0.0;0.0;0.0;0.0;0.0;0.0;0.0;0.0;0.0;0.0;0.0;0.0;0.0;0.0;1
252;120.68;120.68;120.68;3.6576;0.0;0.0;0.0;0.0;0.0;0.0;0.0;0.0;0.0;0.0;0.0;0.0;0.0;0.0;0.0;0.0;0.0;0.0;0.0;0.0;0.0;0.0;0.0;0.0;0
253;142.56;142.56;142.56;2.4063999999999997;6375.0;12750.0;12750.0;38250.0;25500.0;38250.0;127500.0;76500.0;76500.0;127500.0;12750.0;0.0;12750.0;0.0;0.0;0.0;0.0;0.00031372549019607844;0.0;0.00031372549019607844;0.0;0.0;0.0;0.0;0
254;4.6;4.6;4.6;0.6399999999999998;0.0;0.0;0.0;0.0;0.0;0.0;0.0;0.0;0.0;0.0;0.0;0.0;0.0;0.0;0.0;0.0;0.0;0.0;0.0;0.0;0.0;0.0;0.0;0.0;0
255;80.2;80.2;80.2;22.96;0.0;0.0;0.0;0.0;0.0;0.0;0.0;0.0;0.0;0.0;0.0;0.0;0.0;0.0;0.0;0.0;0.0;0.0;0.0;0.0;0.0;0.0;0.0;0.0;1
256;166.76;166.76;166.76;52.74239999999999;6375.0;12750.0;12750.0;38250.0;25500.0;38250.0;127500.0;76500.0;76500.0;127500.0;12750.0;0.0;12750.0;0.0;0.0;0.0;0.0;0.00031372549019607844;0.0;0.00031372549019607844;0.0;0.0;0.0;0.0;1
257;124.84;124.84;124.84;10.2944;1530.0;510.0;4335.0;510.0;1785.0;14025.0;510.0;1785.0;6375.0;48705.0;340.0;340.0000000000002;1742.5000000000018;113.33333333333337;113.33333333333326;-226.66666666666697;-906.6666666666715;0.00014524328249818444;0.00014524328249818455;0.000744371822803196;1.2377390282375059e-06;1.2377390282375046e-06;-2.4754780564750142e-06;-9.901912225900096e-06;0
258;96.76;96.76;96.76;117.46239999999997;0.0;0.0;0.0;0.0;0.0;0.0;0.0;0.0;0.0;0.0;0.0;0.0;0.0;0.0;0.0;0.0;0.0;0.0;0.0;0.0;0.0;0.0;0.0;0.0;1
259;117.84;117.84;117.84;11.654399999999999;0.0;0.0;0.0;0.0;0.0;0.0;0.0;0.0;0.0;0.0;0.0;0.0;0.0;0.0;0.0;0.0;0.0;0.0;0.0;0.0;0.0;0.0;0.0;0.0;1
260;84.28;84.28;84.28;9.721599999999999;0.0;0.0;0.0;0.0;0.0;0.0;0.0;0.0;0.0;0.0;0.0;0.0;0.0;0.0;0.0;0.0;0.0;0.0;0.0;0.0;0.0;0.0;0.0;0.0;0
261;128.68;128.68;128.68;13.257599999999996;2550.0;2295.0;3060.0;3825.0;2295.0;6120.0;6885.0;3825.0;3825.0;13770.0;1759.5;-459.0;2448.0;275.40000000000055;61.20000000000027;-581.3999999999996;550.8000000000011;0.0002705882352941176;-7.058823529411764e-05;0.0003764705882352941;8.38713212874361e-07;1.8638071397208068e-07;-1.7706167827347574e-06;1.677426425748722e-06;1
262;95.48;95.48;95.48;116.40960000000001;0.0;0.0;0.0;0.0;0.0;0.0;0.0;0.0;0.0;0.0;0.0;0.0;0.0;0.0;0.0;0.0;0.0;0.0;0.0;0.0;0.0;0.0;0.0;0.0;1
263;3.0;3.0;3.0;0.0;0.0;0.0;0.0;0.0;0.0;0.0;0.0;0.0;0.0;0.0;0.0;0.0;0.0;0.0;0.0;0.0;0.0;0.0;0.0;0.0;0.0;0.0;0.0;0.0;0
264;75.08;75.08;75.08;2.0736;0.0;0.0;0.0;0.0;0.0;0.0;0.0;0.0;0.0;0.0;0.0;0.0;0.0;0.0;0.0;0.0;0.0;0.0;0.0;0.0;0.0;0.0;0.0;0.0;0
265;67.08;67.08;67.08;25.9936;0.0;0.0;0.0;0.0;0.0;0.0;0.0;0.0;0.0;0.0;0.0;0.0;0.0;0.0;0.0;0.0;0.0;0.0;0.0;0.0;0.0;0.0;0.0;0.0;1
266;82.2;82.2;82.2;102.96000000000002;0.0;0.0;0.0;0.0;0.0;0.0;0.0;0.0;0.0;0.0;0.0;0.0;0.0;0.0;0.0;0.0;0.0;0.0;0.0;0.0;0.0;0.0;0.0;0.0;1
267;135.92;135.92;135.92;23.353599999999997;5355.0;10200.0;8670.0;30600.0;15300.0;21930.0;102000.0;45900.0;35700.0;62220.0;11171.428571428572;-1214.2857142857138;7892.857142857145;1156.462585034009;982.9931972789127;-2139.455782312927;1156.4625850340162;0.0003895738189455676;-4.234498032017037e-05;0.0002752423720811076;5.511031567683993e-07;4.684376832531419e-07;-1.0195408400215437e-06;5.511031567684028e-07;0
268;102.76;102.76;102.76;391.70240000000007;765.0;2295.0;0.0;7395.0;0.0;0.0;25245.0;0.0;0.0;0.0;510.0;0.0;0.0;0.0;0.0;0.0;0.0;0.0008714596949891066;0.0;0.0;0.0;0.0;0.0;0.0;1
269;106.08;106.08;106.08;37.91360000000002;0.0;0.0;0.0;0.0;0.0;0.0;0.0;0.0;0.0;0.0;0.0;0.0;0.0;0.0;0.0;0.0;0.0;0.0;0.0;0.0;0.0;0.0;0.0;0.0;0
270;70.28;70.28;70.28;0.9216000000000004;0.0;0.0;0.0;0.0;0.0;0.0;0.0;0.0;0.0;0.0;0.0;0.0;0.0;0.0;0.0;0.0;0.0;0.0;0.0;0.0;0.0;0.0;0.0;0.0;1
271;84.48;84.48;84.48;5.5295999999999985;0.0;0.0;0.0;0.0;0.0;0.0;0.0;0.0;0.0;0.0;0.0;0.0;0.0;0.0;0.0;0.0;0.0;0.0;0.0;0.0;0.0;0.0;0.0;0.0;1
272;100.04;100.04;100.04;6.9984;0.0;0.0;0.0;0.0;0.0;0.0;0.0;0.0;0.0;0.0;0.0;0.0;0.0;0.0;0.0;0.0;0.0;0.0;0.0;0.0;0.0;0.0;0.0;0.0;0
273;126.76;126.76;126.76;7.382400000000002;2040.0;6885.0;5865.0;24225.0;19125.0;19125.0;87975.0;65535.0;60945.0;67065.0;988.125;-669.375;2263.125;-454.21875;406.40625;247.03125;-932.34375;0.00023743872549019605;-0.0001608455882352941;0.0005438112745098038;-2.416515800962461e-06;2.1621457166506228e-06;1.3142454356111629e-06;-4.960216644080841e-06;0
274;66.56;66.56;66.56;27.3664;0.0;0.0;0.0;0.0;0.0;0.0;0.0;0.0;0.0;0.0;0.0;0.0;0.0;0.0;0.0;0.0;0.0;0.0;0.0;0.0;0.0;0.0;0.0;0.0;1
275;84.12;84.12;84.12;6.265599999999997;0.0;0.0;0.0;0.0;0.0;0.0;0.0;0.0;0.0;0.0;0.0;0.0;0.0;0.0;0.0;0.0;0.0;0.0;0.0;0.0;0.0;0.0;0.0;0.0;1
276;4.0;4.0;4.0;0.0;0.0;0.0;0.0;0.0;0.0;0.0;0.0;0.0;0.0;0.0;0.0;0.0;0.0;0.0;0.0;0.0;0.0;0.0;0.0;0.0;0.0;0.0;0.0;0.0;0
277;105.48;105.48;105.48;11.2896;0.0;0.0;0.0;0.0;0.0;0.0;0.0;0.0;0.0;0.0;0.0;0.0;0.0;0.0;0.0;0.0;0.0;0.0;0.0;0.0;0.0;0.0;0.0;0.0;1
278;147.52;147.52;147.52;26.089599999999997;6375.0;12750.0;12750.0;38250.0;25500.0;38250.0;127500.0;76500.0;76500.0;127500.0;12750.0;0.0;12750.0;0.0;0.0;0.0;0.0;0.00031372549019607844;0.0;0.00031372549019607844;0.0;0.0;0.0;0.0;0
279;113.36;113.36;113.36;8.5504;0.0;0.0;0.0;0.0;0.0;0.0;0.0;0.0;0.0;0.0;0.0;0.0;0.0;0.0;0.0;0.0;0.0;0.0;0.0;0.0;0.0;0.0;0.0;0.0;0
280;112.88;112.88;112.88;15.145600000000004;0.0;0.0;0.0;0.0;0.0;0.0;0.0;0.0;0.0;0.0;0.0;0.0;0.0;0.0;0.0;0.0;0.0;0.0;0.0;0.0;0.0;0.0;0.0;0.0;0
281;131.68;131.68;131.68;13.897599999999994;6375.0;12750.0;12750.0;38250.0;25500.0;38250.0;127500.0;76500.0;76500.0;127500.0;12750.0;0.0;12750.0;0.0;0.0;0.0;0.0;0.00031372549019607844;0.0;0.00031372549019607844;0.0;0.0;0.0;0.0;1
282;3.0;3.0;3.0;0.0;0.0;0.0;0.0;0.0;0.0;0.0;0.0;0.0;0.0;0.0;0.0;0.0;0.0;0.0;0.0;0.0;0.0;0.0;0.0;0.0;0.0;0.0;0.0;0.0;0
283;122.92;122.92;122.92;4.7136;0.0;0.0;0.0;0.0;0.0;0.0;0.0;0.0;0.0;0.0;0.0;0.0;0.0;0.0;0.0;0.0;0.0;0.0;0.0;0.0;0.0;0.0;0.0;0.0;0
284;71.4;71.4;71.4;8.640000000000002;0.0;0.0;0.0;0.0;0.0;0.0;0.0;0.0;0.0;0.0;0.0;0.0;0.0;0.0;0.0;0.0;0.0;0.0;0.0;0.0;0.0;0.0;0.0;0.0;1
285;82.52;82.52;82.52;33.36960000000001;0.0;0.0;0.0;0.0;0.0;0.0;0.0;0.0;0.0;0.0;0.0;0.0;0.0;0.0;0.0;0.0;0.0;0.0;0.0;0.0;0.0;0.0;0.0;0.0;1
286;125.76;125.76;125.76;5.2223999999999995;0.0;0.0;0.0;0.0;0.0;0.0;0.0;0.0;0.0;0.0;0.0;0.0;0.0;0.0;0.0;0.0;0.0;0.0;0.0;0.0;0.0;0.0;0.0;0.0;0
287;137.76;137.76;137.76;16.742399999999993;6375.0;12750.0;12750.0;38250.0;25500.0;38250.0;127500.0;76500.0;76500.0;127500.0;12750.0;0.0;12750.0;0.0;0.0;0.0;0.0;0.00031372549019607844;0.0;0.00031372549019607844;0.0;0.0;0.0;0.0;0
288;4.0;4.0;4.0;0.0;0.0;0.0;0.0;0.0;0.0;0.0;0.0;0.0;0.0;0.0;0.0;0.0;0.0;0.0;0.0;0.0;0.0;0.0;0.0;0.0;0.0;0.0;0.0;0.0;0
289;134.84;134.84;134.84;51.33440000000001;5865.0;11220.0;11475.0;33150.0;22440.0;33915.0;109140.0;68340.0;67320.0;110925.0;11685.652173913044;487.82608695652016;11463.91304347826;1012.2873345935659;1614.8393194707096;530.2457466918786;-289.2249527410313;0.0003397167200898605;1.4181722660297736e-05;0.00033327048251699786;3.842675947570574e-07;6.129983059219805e-07;2.012830258251294e-07;-1.09790741359164e-07;1
290;4.0;4.0;4.0;0.0;0.0;0.0;0.0;0.0;0.0;0.0;0.0;0.0;0.0;0.0;0.0;0.0;0.0;0.0;0.0;0.0;0.0;0.0;0.0;0.0;0.0;0.0;0.0;0.0;0
291;97.8;97.8;97.8;9.919999999999996;0.0;0.0;0.0;0.0;0.0;0.0;0.0;0.0;0.0;0.0;0.0;0.0;0.0;0.0;0.0;0.0;0.0;0.0;0.0;0.0;0.0;0.0;0.0;0.0;0
292;65.52;65.52;65.52;38.64960000000001;0.0;0.0;0.0;0.0;0.0;0.0;0.0;0.0;0.0;0.0;0.0;0.0;0.0;0.0;0.0;0.0;0.0;0.0;0.0;0.0;0.0;0.0;0.0;0.0;1
293;117.48;117.48;117.48;208.6496;1785.0;5355.0;1020.0;18105.0;3825.0;1530.0;65025.0;14535.0;5865.0;2550.0;2040.0;765.0;947.1428571428572;-1530.0;-400.71428571428555;400.7142857142858;593.2653061224491;0.0006402561024409762;0.0002400960384153661;0.00029726176184759613;-1.1365691916714305e-05;-2.9767288353299358e-06;2.9767288353299374e-06;4.407105028930038e-06;0
294;105.44;105.44;105.44;157.92639999999997;0.0;0.0;0.0;0.0;0.0;0.0;0.0;0.0;0.0;0.0;0.0;0.0;0.0;0.0;0.0;0.0;0.0;0.0;0.0;0.0;0.0;0.0;0.0;0.0;0
295;111.32;111.32;111.32;0.5376000000000001;0.0;0.0;0.0;0.0;0.0;0.0;0.0;0.0;0.0;0.0;0.0;0.0;0.0;0.0;0.0;0.0;0.0;0.0;0.0;0.0;0.0;0.0;0.0;0.0;0
296;126.4;126.4;126.4;5.7600000000000025;2295.0;4080.0;1020.0;11220.0;1530.0;1020.0;34680.0;3570.0;1530.0;1020.0;3966.666666666667;-283.33333333333326;566.6666666666667;629.629629629635;-409.2592592592596;-31.481481481481637;62.96296296296293;0.0007531133166572527;-5.3793808332660896e-05;0.00010758761666532183;2.4953325546586132e-06;-1.621966160528086e-06;-1.2476662773293022e-07;2.4953325546585906e-07;0
297;84.04;84.04;84.04;69.3184;0.0;0.0;0.0;0.0;0.0;0.0;0.0;0.0;0.0;0.0;0.0;0.0;0.0;0.0;0.0;0.0;0.0;0.0;0.0;0.0;0.0;0.0;0.0;0.0;1
298;83.52;83.52;83.52;1.3695999999999997;0.0;0.0;0.0;0.0;0.0;0.0;0.0;0.0;0.0;0.0;0.0;0.0;0.0;0.0;0.0;0.0;0.0;0.0;0.0;0.0;0.0;0.0;0.0;0.0;0
299;95.08;95.08;95.08;9.353600000000009;0.0;0.0;0.0;0.0;0.0;0.0;0.0;0.0;0.0;0.0;0.0;0.0;0.0;0.0;0.0;0.0;0.0;0.0;0.0;0.0;0.0;0.0;0.0;0.0;0
300;65.56;65.56;65.56;0.32640000000000025;0.0;0.0;0.0;0.0;0.0;0.0;0.0;0.0;0.0;0.0;0.0;0.0;0.0;0.0;0.0;0.0;0.0;0.0;0.0;0.0;0.0;0.0;0.0;0.0;0
301;80.52;80.52;80.52;1.5295999999999996;0.0;0.0;0.0;0.0;0.0;0.0;0.0;0.0;0.0;0.0;0.0;0.0;0.0;0.0;0.0;0.0;0.0;0.0;0.0;0.0;0.0;0.0;0.0;0.0;1
302;128.56;128.56;128.56;2.246399999999999;3315.0;9435.0;8670.0;29835.0;23970.0;27030.0;101235.0;74970.0;72930.0;92820.0;2981.538461538461;-706.1538461538476;4354.615384615383;-651.8343195266207;959.644970414206;-307.8106508875644;-651.8343195266207;0.00027131471614590303;-6.42587485608719e-05;0.00039626228279204253;-1.0302162378771234e-06;1.516707239096899e-06;-4.864910012197425e-07;-1.0302162378771234e-06;0
303;4.0;4.0;4.0;0.0;0.0;0.0;0.0;0.0;0.0;0.0;0.0;0.0;0.0;0.0;0.0;0.0;0.0;0.0;0.0;0.0;0.0;0.0;0.0;0.0;0.0;0.0;0.0;0.0;0
304;84.0;84.0;84.0;26.4;0.0;0.0;0.0;0.0;0.0;0.0;0.0;0.0;0.0;0.0;0.0;0.0;0.0;0.0;0.0;0.0;0.0;0.0;0.0;0.0;0.0;0.0;0.0;0.0;1
305;73.08;73.08;73.08;11.513600000000002;0.0;0.0;0.0;0.0;0.0;0.0;0.0;0.0;0.0;0.0;0.0;0.0;0.0;0.0;0.0;0.0;0.0;0.0;0.0;0.0;0.0;0.0;0.0;0.0;1
306;135.88;135.88;135.88;31.305600000000013;6375.0;12750.0;12750.0;38250.0;25500.0;38250.0;127500.0;76500.0;76500.0;127500.0;12750.0;0.0;12750.0;0.0;0.0;0.0;0.0;0.00031372549019607844;0.0;0.00031372549019607844;0.0;0.0;0.0;0.0;0
307;84.52;84.52;84.52;66.96959999999999;0.0;0.0;0.0;0.0;0.0;0.0;0.0;0.0;0.0;0.0;0.0;0.0;0.0;0.0;0.0;0.0;0.0;0.0;0.0;0.0;0.0;0.0;0.0;0.0;1
308;68.32;68.32;68.32;5.577599999999998;0.0;0.0;0.0;0.0;0.0;0.0;0.0;0.0;0.0;0.0;0.0;0.0;0.0;0.0;0.0;0.0;0.0;0.0;0.0;0.0;0.0;0.0;0.0;0.0;1
309;138.08;138.08;138.08;0.7936000000000004;6375.0;12750.0;12750.0;38250.0;25500.0;38250.0;127500.0;76500.0;76500.0;127500.0;12750.0;0.0;12750.0;0.0;0.0;0.0;0.0;0.00031372549019607844;0.0;0.00031372549019607844;0.0;0.0;0.0;0.0;0
310;101.08;101.08;101.08;4.0736;0.0;0.0;0.0;0.0;0.0;0.0;0.0;0.0;0.0;0.0;0.0;0.0;0.0;0.0;0.0;0.0;0.0;0.0;0.0;0.0;0.0;0.0;0.0;0.0;0
311;74.04;74.04;74.04;93.7184;0.0;0.0;0.0;0.0;0.0;0.0;0.0;0.0;0.0;0.0;0.0;0.0;0.0;0.0;0.0;0.0;0.0;0.0;0.0;0.0;0.0;0.0;0.0;0.0;1
312;63.24;63.24;63.24;6.1824;0.0;0.0;0.0;0.0;0.0;0.0;0.0;0.0;0.0;0.0;0.0;0.0;0.0;0.0;0.0;0.0;0.0;0.0;0.0;0.0;0.0;0.0;0.0;0.0;0
313;77.44;77.44;77.44;4.8864000000000045;0.0;0.0;0.0;0.0;0.0;0.0;0.0;0.0;0.0;0.0;0.0;0.0;0.0;0.0;0.0;0.0;0.0;0.0;0.0;0.0;0.0;0.0;0.0;0.0;1
314;97.92;97.92;97.92;1.7535999999999998;0.0;0.0;0.0;0.0;0.0;0.0;0.0;0.0;0.0;0.0;0.0;0.0;0.0;0.0;0.0;0.0;0.0;0.0;0.0;0.0;0.0;0.0;0.0;0.0;0
315;95.08;95.08;95.08;6.553599999999999;0.0;0.0;0.0;0.0;0.0;0.0;0.0;0.0;0.0;0.0;0.0;0.0;0.0;0.0;0.0;0.0;0.0;0.0;0.0;0.0;0.0;0.0;0.0;0.0;0
316;4.0;4.0;4.0;0.0;0.0;0.0;0.0;0.0;0.0;0.0;0.0;0.0;0.0;0.0;0.0;0.0;0.0;0.0;0.0;0.0;0.0;0.0;0.0;0.0;0.0;0.0;0.0;0.0;0
317;96.6;96.6;96.6;32.56000000000001;0.0;0.0;0.0;0.0;0.0;0.0;0.0;0.0;0.0;0.0;0.0;0.0;0.0;0.0;0.0;0.0;0.0;0.0;0.0;0.0;0.0;0.0;0.0;0.0;1
318;102.2;102.2;102.2;7.280000000000003;0.0;0.0;0.0;0.0;0.0;0.0;0.0;0.0;0.0;0.0;0.0;0.0;0.0;0.0;0.0;0.0;0.0;0.0;0.0;0.0;0.0;0.0;0.0;0.0;1
319;99.88;99.88;99.88;17.1456;0.0;0.0;0.0;0.0;0.0;0.0;0.0;0.0;0.0;0.0;0.0;0.0;0.0;0.0;0.0;0.0;0.0;0.0;0.0;0.0;0.0;0.0;0.0;0.0;0
320;101.44;101.44;101.44;50.886399999999995;0.0;0.0;0.0;0.0;0.0;0.0;0.0;0.0;0.0;0.0;0.0;0.0;0.0;0.0;0.0;0.0;0.0;0.0;0.0;0.0;0.0;0.0;0.0;0.0;1
321;84.88;84.88;84.88;0.5056000000000004;0.0;0.0;0.0;0.0;0.0;0.0;0.0;0.0;0.0;0.0;0.0;0.0;0.0;0.0;0.0;0.0;0.0;0.0;0.0;0.0;0.0;0.0;0.0;0.0;0
322;111.12;111.12;111.12;59.545600000000015;0.0;0.0;0.0;0.0;0.0;0.0;0.0;0.0;0.0;0.0;0.0;0.0;0.0;0.0;0.0;0.0;0.0;0.0;0.0;0.0;0.0;0.0;0.0;0.0;1
323;117.28;117.28;117.28;13.401599999999995;0.0;0.0;0.0;0.0;0.0;0.0;0.0;0.0;0.0;0.0;0.0;0.0;0.0;0.0;0.0;0.0;0.0;0.0;0.0;0.0;0.0;0.0;0.0;0.0;0
324;124.28;124.28;124.28;3.0016000000000003;0.0;0.0;0.0;0.0;0.0;0.0;0.0;0.0;0.0;0.0;0.0;0.0;0.0;0.0;0.0;0.0;0.0;0.0;0.0;0.0;0.0;0.0;0.0;0.0;0
325;144.92;144.92;144.92;3.993599999999998;6375.0;12750.0;12750.0;38250.0;25500.0;38250.0;127500.0;76500.0;76500.0;127500.0;12750.0;0.0;12750.0;0.0;0.0;0.0;0.0;0.00031372549019607844;0.0;0.00031372549019607844;0.0;0.0;0.0;0.0;0
326;108.08;108.08;108.08;38.31359999999998;0.0;0.0;0.0;0.0;0.0;0.0;0.0;0.0;0.0;0.0;0.0;0.0;0.0;0.0;0.0;0.0;0.0;0.0;0.0;0.0;0.0;0.0;0.0;0.0;0
327;101.68;101.68;101.68;6.297599999999996;0.0;0.0;0.0;0.0;0.0;0.0;0.0;0.0;0.0;0.0;0.0;0.0;0.0;0.0;0.0;0.0;0.0;0.0;0.0;0.0;0.0;0.0;0.0;0.0;0
328;4.0;4.0;4.0;0.0;0.0;0.0;0.0;0.0;0.0;0.0;0.0;0.0;0.0;0.0;0.0;0.0;0.0;0.0;0.0;0.0;0.0;0.0;0.0;0.0;0.0;0.0;0.0;0.0;0
329;151.88;151.88;151.88;7.785599999999998;6375.0;12750.0;12750.0;38250.0;25500.0;38250.0;127500.0;76500.0;76500.0;127500.0;12750.0;0.0;12750.0;0.0;0.0;0.0;0.0;0.00031372549019607844;0.0;0.00031372549019607844;0.0;0.0;0.0;0.0;0
330;88.28;88.28;88.28;1.6416000000000002;0.0;0.0;0.0;0.0;0.0;0.0;0.0;0.0;0.0;0.0;0.0;0.0;0.0;0.0;0.0;0.0;0.0;0.0;0.0;0.0;0.0;0.0;0.0;0.0;0
331;163.4;163.4;163.4;1.4399999999999995;6375.0;12750.0;12750.0;38250.0;25500.0;38250.0;127500.0;76500.0;76500.0;127500.0;12750.0;0.0;12750.0;0.0;0.0;0.0;0.0;0.00031372549019607844;0.0;0.00031372549019607844;0.0;0.0;0.0;0.0;0
332;163.64;163.64;163.64;5.590400000000002;6375.0;12750.0;12750.0;38250.0;25500.0;38250.0;127500.0;76500.0;76500.0;127500.0;12750.0;0.0;12750.0;0.0;0.0;0.0;0.0;0.00031372549019607844;0.0;0.00031372549019607844;0.0;0.0;0.0;0.0;0
333;78.68;78.68;78.68;1.1776000000000002;0.0;0.0;0.0;0.0;0.0;0.0;0.0;0.0;0.0;0.0;0.0;0.0;0.0;0.0;0.0;0.0;0.0;0.0;0.0;0.0;0.0;0.0;0.0;0.0;0
334;121.64;121.64;121.64;8.790400000000004;0.0;0.0;0.0;0.0;0.0;0.0;0.0;0.0;0.0;0.0;0.0;0.0;0.0;0.0;0.0;0.0;0.0;0.0;0.0;0.0;0.0;0.0;0.0;0.0;1
335;132.32;132.32;132.32;2.1376000000000004;6375.0;12750.0;12750.0;38250.0;25500.0;38250.0;127500.0;76500.0;76500.0;127500.0;12750.0;0.0;12750.0;0.0;0.0;0.0;0.0;0.00031372549019607844;0.0;0.00031372549019607844;0.0;0.0;0.0;0.0;0
336;153.56;153.56;153.56;3.6864000000000003;6375.0;12750.0;12750.0;38250.0;25500.0;38250.0;127500.0;76500.0;76500.0;127500.0;12750.0;0.0;12750.0;0.0;0.0;0.0;0.0;0.00031372549019607844;0.0;0.00031372549019607844;0.0;0.0;0.0;0.0;0
337;98.48;98.48;98.48;2.0095999999999994;0.0;0.0;0.0;0.0;0.0;0.0;0.0;0.0;0.0;0.0;0.0;0.0;0.0;0.0;0.0;0.0;0.0;0.0;0.0;0.0;0.0;0.0;0.0;0.0;0
338;87.16;87.16;87.16;8.0544;0.0;0.0;0.0;0.0;0.0;0.0;0.0;0.0;0.0;0.0;0.0;0.0;0.0;0.0;0.0;0.0;0.0;0.0;0.0;0.0;0.0;0.0;0.0;0.0;0
339;127.52;127.52;127.52;1.2095999999999996;0.0;0.0;0.0;0.0;0.0;0.0;0.0;0.0;0.0;0.0;0.0;0.0;0.0;0.0;0.0;0.0;0.0;0.0;0.0;0.0;0.0;0.0;0.0;0.0;0
340;69.64;69.64;69.64;35.990399999999994;0.0;0.0;0.0;0.0;0.0;0.0;0.0;0.0;0.0;0.0;0.0;0.0;0.0;0.0;0.0;0.0;0.0;0.0;0.0;0.0;0.0;0.0;0.0;0.0;1
341;110.92;110.92;110.92;9.433600000000002;0.0;0.0;0.0;0.0;0.0;0.0;0.0;0.0;0.0;0.0;0.0;0.0;0.0;0.0;0.0;0.0;0.0;0.0;0.0;0.0;0.0;0.0;0.0;0.0;0
342;62.2;62.2;62.2;2.16;0.0;0.0;0.0;0.0;0.0;0.0;0.0;0.0;0.0;0.0;0.0;0.0;0.0;0.0;0.0;0.0;0.0;0.0;0.0;0.0;0.0;0.0;0.0;0.0;1
343;95.52;95.52;95.52;21.849600000000002;0.0;0.0;0.0;0.0;0.0;0.0;0.0;0.0;0.0;0.0;0.0;0.0;0.0;0.0;0.0;0.0;0.0;0.0;0.0;0.0;0.0;0.0;0.0;0.0;1
344;136.88;136.88;136.88;3.2255999999999996;6375.0;12750.0;12750.0;38250.0;25500.0;38250.0;127500.0;76500.0;76500.0;127500.0;12750.0;0.0;12750.0;0.0;0.0;0.0;0.0;0.00031372549019607844;0.0;0.00031372549019607844;0.0;0.0;0.0;0.0;0
345;125.6;125.6;125.6;1.44;0.0;0.0;0.0;0.0;0.0;0.0;0.0;0.0;0.0;0.0;0.0;0.0;0.0;0.0;0.0;0.0;0.0;0.0;0.0;0.0;0.0;0.0;0.0;0.0;0
346;103.2;103.2;103.2;24.24;0.0;0.0;0.0;0.0;0.0;0.0;0.0;0.0;0.0;0.0;0.0;0.0;0.0;0.0;0.0;0.0;0.0;0.0;0.0;0.0;0.0;0.0;0.0;0.0;1
347;138.68;138.68;138.68;9.0176;6375.0;12750.0;12750.0;38250.0;25500.0;38250.0;127500.0;76500.0;76500.0;127500.0;12750.0;0.0;12750.0;0.0;0.0;0.0;0.0;0.00031372549019607844;0.0;0.00031372549019607844;0.0;0.0;0.0;0.0;0
348;115.0;115.0;115.0;22.0;0.0;0.0;0.0;0.0;0.0;0.0;0.0;0.0;0.0;0.0;0.0;0.0;0.0;0.0;0.0;0.0;0.0;0.0;0.0;0.0;0.0;0.0;0.0;0.0;1
349;111.84;111.84;111.84;7.734399999999999;0.0;0.0;0.0;0.0;0.0;0.0;0.0;0.0;0.0;0.0;0.0;0.0;0.0;0.0;0.0;0.0;0.0;0.0;0.0;0.0;0.0;0.0;0.0;0.0;0
350;54.0;54.0;54.0;10.0;0.0;0.0;0.0;0.0;0.0;0.0;0.0;0.0;0.0;0.0;0.0;0.0;0.0;0.0;0.0;0.0;0.0;0.0;0.0;0.0;0.0;0.0;0.0;0.0;1
351;85.64;85.64;85.64;92.07039999999998;0.0;0.0;0.0;0.0;0.0;0.0;0.0;0.0;0.0;0.0;0.0;0.0;0.0;0.0;0.0;0.0;0.0;0.0;0.0;0.0;0.0;0.0;0.0;0.0;1
352;118.48;118.48;118.48;1.6895999999999998;0.0;0.0;0.0;0.0;0.0;0.0;0.0;0.0;0.0;0.0;0.0;0.0;0.0;0.0;0.0;0.0;0.0;0.0;0.0;0.0;0.0;0.0;0.0;0.0;0
353;83.6;83.6;83.6;3.119999999999999;0.0;0.0;0.0;0.0;0.0;0.0;0.0;0.0;0.0;0.0;0.0;0.0;0.0;0.0;0.0;0.0;0.0;0.0;0.0;0.0;0.0;0.0;0.0;0.0;1
354;102.68;102.68;102.68;25.097599999999996;0.0;0.0;0.0;0.0;0.0;0.0;0.0;0.0;0.0;0.0;0.0;0.0;0.0;0.0;0.0;0.0;0.0;0.0;0.0;0.0;0.0;0.0;0.0;0.0;1
355;138.92;138.92;138.92;4.953599999999998;6375.0;12750.0;12750.0;38250.0;25500.0;38250.0;127500.0;76500.0;76500.0;127500.0;12750.0;0.0;12750.0;0.0;0.0;0.0;0.0;0.00031372549019607844;0.0;0.00031372549019607844;0.0;0.0;0.0;0.0;0
356;88.6;88.6;88.6;4.320000000000001;0.0;0.0;0.0;0.0;0.0;0.0;0.0;0.0;0.0;0.0;0.0;0.0;0.0;0.0;0.0;0.0;0.0;0.0;0.0;0.0;0.0;0.0;0.0;0.0;0
357;103.4;103.4;103.4;75.52;0.0;0.0;0.0;0.0;0.0;0.0;0.0;0.0;0.0;0.0;0.0;0.0;0.0;0.0;0.0;0.0;0.0;0.0;0.0;0.0;0.0;0.0;0.0;0.0;0
358;83.28;83.28;83.28;3.081600000000001;0.0;0.0;0.0;0.0;0.0;0.0;0.0;0.0;0.0;0.0;0.0;0.0;0.0;0.0;0.0;0.0;0.0;0.0;0.0;0.0;0.0;0.0;0.0;0.0;1
359;61.44;61.44;61.44;5.206400000000003;0.0;0.0;0.0;0.0;0.0;0.0;0.0;0.0;0.0;0.0;0.0;0.0;0.0;0.0;0.0;0.0;0.0;0.0;0.0;0.0;0.0;0.0;0.0;0.0;1
360;91.64;91.64;91.64;5.590399999999998;0.0;0.0;0.0;0.0;0.0;0.0;0.0;0.0;0.0;0.0;0.0;0.0;0.0;0.0;0.0;0.0;0.0;0.0;0.0;0.0;0.0;0.0;0.0;0.0;0
361;93.8;93.8;93.8;28.56;0.0;0.0;0.0;0.0;0.0;0.0;0.0;0.0;0.0;0.0;0.0;0.0;0.0;0.0;0.0;0.0;0.0;0.0;0.0;0.0;0.0;0.0;0.0;0.0;1
362;53.88;53.88;53.88;9.3856;0.0;0.0;0.0;0.0;0.0;0.0;0.0;0.0;0.0;0.0;0.0;0.0;0.0;0.0;0.0;0.0;0.0;0.0;0.0;0.0;0.0;0.0;0.0;0.0;1
363;94.6;94.6;94.6;14.400000000000013;0.0;0.0;0.0;0.0;0.0;0.0;0.0;0.0;0.0;0.0;0.0;0.0;0.0;0.0;0.0;0.0;0.0;0.0;0.0;0.0;0.0;0.0;0.0;0.0;0
364;128.52;128.52;128.52;1.6895999999999989;5610.0;10455.0;12750.0;30855.0;25500.0;38250.0;102255.0;76500.0;76500.0;127500.0;11370.68181818182;1738.6363636363676;9272.727272727276;2370.8677685950533;-105.37190082645975;-2686.983471074389;-1580.5785123966925;0.0003612940292570823;5.524373536041025e-05;0.00029463325525552075;1.0057734785270528e-06;-4.470104349009672e-08;-1.1398766089973245e-06;-6.705156523513644e-07;0
365;86.0;86.0;86.0;14.16;0.0;0.0;0.0;0.0;0.0;0.0;0.0;0.0;0.0;0.0;0.0;0.0;0.0;0.0;0.0;0.0;0.0;0.0;0.0;0.0;0.0;0.0;0.0;0.0;0
366;137.28;137.28;137.28;10.121599999999999;6375.0;12750.0;12750.0;38250.0;25500.0;38250.0;127500.0;76500.0;76500.0;127500.0;12750.0;0.0;12750.0;0.0;0.0;0.0;0.0;0.00031372549019607844;0.0;0.00031372549019607844;0.0;0.0;0.0;0.0;0
367;133.0;133.0;133.0;9.04;5865.0;11475.0;11475.0;34935.0;21930.0;33915.0;118575.0;66300.0;63750.0;110925.0;12483.91304347826;-521.0869565217399;11463.91304347826;1373.8185255198332;-12.051039697536908;-566.398865784493;-289.2249527410313;0.00036292317535216597;-1.51486582962272e-05;0.00033327048251699786;5.215060214560041e-07;-4.5746142232961985e-09;-2.1500686849501938e-07;-1.09790741359164e-07;0
368;117.8;117.8;117.8;0.1599999999999998;0.0;0.0;0.0;0.0;0.0;0.0;0.0;0.0;0.0;0.0;0.0;0.0;0.0;0.0;0.0;0.0;0.0;0.0;0.0;0.0;0.0;0.0;0.0;0.0;0
369;94.0;94.0;94.0;14.8;0.0;0.0;0.0;0.0;0.0;0.0;0.0;0.0;0.0;0.0;0.0;0.0;0.0;0.0;0.0;0.0;0.0;0.0;0.0;0.0;0.0;0.0;0.0;0.0;1
370;66.92;66.92;66.92;3.9936;0.0;0.0;0.0;0.0;0.0;0.0;0.0;0.0;0.0;0.0;0.0;0.0;0.0;0.0;0.0;0.0;0.0;0.0;0.0;0.0;0.0;0.0;0.0;0.0;1
371;3.0;3.0;3.0;0.0;0.0;0.0;0.0;0.0;0.0;0.0;0.0;0.0;0.0;0.0;0.0;0.0;0.0;0.0;0.0;0.0;0.0;0.0;0.0;0.0;0.0;0.0;0.0;0.0;0
372;80.0;80.0;80.0;0.0;0.0;0.0;0.0;0.0;0.0;0.0;0.0;0.0;0.0;0.0;0.0;0.0;0.0;0.0;0.0;0.0;0.0;0.0;0.0;0.0;0.0;0.0;0.0;0.0;1
373;5.8;5.8;5.8;2.1599999999999984;0.0;0.0;0.0;0.0;0.0;0.0;0.0;0.0;0.0;0.0;0.0;0.0;0.0;0.0;0.0;0.0;0.0;0.0;0.0;0.0;0.0;0.0;0.0;0.0;0
374;82.68;82.68;82.68;1.1776000000000002;0.0;0.0;0.0;0.0;0.0;0.0;0.0;0.0;0.0;0.0;0.0;0.0;0.0;0.0;0.0;0.0;0.0;0.0;0.0;0.0;0.0;0.0;0.0;0.0;0
375;141.12;141.12;141.12;7.705599999999995;6375.0;12750.0;12750.0;38250.0;25500.0;38250.0;127500.0;76500.0;76500.0;127500.0;12750.0;0.0;12750.0;0.0;0.0;0.0;0.0;0.00031372549019607844;0.0;0.00031372549019607844;0.0;0.0;0.0;0.0;0
376;107.16;107.16;107.16;3.1743999999999994;0.0;0.0;0.0;0.0;0.0;0.0;0.0;0.0;0.0;0.0;0.0;0.0;0.0;0.0;0.0;0.0;0.0;0.0;0.0;0.0;0.0;0.0;0.0;0.0;0
377;93.4;93.4;93.4;1.5999999999999994;0.0;0.0;0.0;0.0;0.0;0.0;0.0;0.0;0.0;0.0;0.0;0.0;0.0;0.0;0.0;0.0;0.0;0.0;0.0;0.0;0.0;0.0;0.0;0.0;0
378;106.12;106.12;106.12;14.665600000000007;0.0;0.0;0.0;0.0;0.0;0.0;0.0;0.0;0.0;0.0;0.0;0.0;0.0;0.0;0.0;0.0;0.0;0.0;0.0;0.0;0.0;0.0;0.0;0.0;0
379;86.32;86.32;86.32;5.177599999999999;0.0;0.0;0.0;0.0;0.0;0.0;0.0;0.0;0.0;0.0;0.0;0.0;0.0;0.0;0.0;0.0;0.0;0.0;0.0;0.0;0.0;0.0;0.0;0.0;1
380;83.16;83.16;83.16;5.1743999999999994;0.0;0.0;0.0;0.0;0.0;0.0;0.0;0.0;0.0;0.0;0.0;0.0;0.0;0.0;0.0;0.0;0.0;0.0;0.0;0.0;0.0;0.0;0.0;0.0;0
381;103.68;103.68;103.68;3.0976;0.0;0.0;0.0;0.0;0.0;0.0;0.0;0.0;0.0;0.0;0.0;0.0;0.0;0.0;0.0;0.0;0.0;0.0;0.0;0.0;0.0;0.0;0.0;0.0;0
382;151.6;151.6;151.6;3.3599999999999994;6375.0;12750.0;12750.0;38250.0;25500.0;38250.0;127500.0;76500.0;76500.0;127500.0;12750.0;0.0;12750.0;0.0;0.0;0.0;0.0;0.00031372549019607844;0.0;0.00031372549019607844;0.0;0.0;0.0;0.0;0
383;113.2;113.2;113.2;190.56;1020.0;0.0;1530.0;0.0;0.0;3570.0;0.0;0.0;0.0;9180.0;0.0;0.0;1275.0;0.0;0.0;0.0;0.0;0.0;0.0;0.0012254901960784311;0.0;0.0;0.0;0.0;0
384;67.92;67.92;67.92;2.2335999999999996;0.0;0.0;0.0;0.0;0.0;0.0;0.0;0.0;0.0;0.0;0.0;0.0;0.0;0.0;0.0;0.0;0.0;0.0;0.0;0.0;0.0;0.0;0.0;0.0;0
385;65.76;65.76;65.76;14.182400000000003;0.0;0.0;0.0;0.0;0.0;0.0;0.0;0.0;0.0;0.0;0.0;0.0;0.0;0.0;0.0;0.0;0.0;0.0;0.0;0.0;0.0;0.0;0.0;0.0;1
386;54.64;54.64;54.64;6.630400000000001;0.0;0.0;0.0;0.0;0.0;0.0;0.0;0.0;0.0;0.0;0.0;0.0;0.0;0.0;0.0;0.0;0.0;0.0;0.0;0.0;0.0;0.0;0.0;0.0;1
387;146.28;146.28;146.28;13.401599999999998;6375.0;12750.0;12750.0;38250.0;25500.0;38250.0;127500.0;76500.0;76500.0;127500.0;12750.0;0.0;12750.0;0.0;0.0;0.0;0.0;0.00031372549019607844;0.0;0.00031372549019607844;0.0;0.0;0.0;0.0;1
388;122.88;122.88;122.88;9.945599999999995;0.0;0.0;0.0;0.0;0.0;0.0;0.0;0.0;0.0;0.0;0.0;0.0;0.0;0.0;0.0;0.0;0.0;0.0;0.0;0.0;0.0;0.0;0.0;0.0;0
389;79.72;79.72;79.72;6.441599999999996;0.0;0.0;0.0;0.0;0.0;0.0;0.0;0.0;0.0;0.0;0.0;0.0;0.0;0.0;0.0;0.0;0.0;0.0;0.0;0.0;0.0;0.0;0.0;0.0;1
390;86.48;86.48;86.48;87.04959999999997;0.0;0.0;0.0;0.0;0.0;0.0;0.0;0.0;0.0;0.0;0.0;0.0;0.0;0.0;0.0;0.0;0.0;0.0;0.0;0.0;0.0;0.0;0.0;0.0;1
391;112.48;112.48;112.48;12.7296;0.0;0.0;0.0;0.0;0.0;0.0;0.0;0.0;0.0;0.0;0.0;0.0;0.0;0.0;0.0;0.0;0.0;0.0;0.0;0.0;0.0;0.0;0.0;0.0;1
392;84.68;84.68;84.68;19.657599999999995;0.0;0.0;0.0;0.0;0.0;0.0;0.0;0.0;0.0;0.0;0.0;0.0;0.0;0.0;0.0;0.0;0.0;0.0;0.0;0.0;0.0;0.0;0.0;0.0;1
393;101.64;101.64;101.64;0.9504000000000004;0.0;0.0;0.0;0.0;0.0;0.0;0.0;0.0;0.0;0.0;0.0;0.0;0.0;0.0;0.0;0.0;0.0;0.0;0.0;0.0;0.0;0.0;0.0;0.0;0
394;93.2;93.2;93.2;135.68;0.0;0.0;0.0;0.0;0.0;0.0;0.0;0.0;0.0;0.0;0.0;0.0;0.0;0.0;0.0;0.0;0.0;0.0;0.0;0.0;0.0;0.0;0.0;0.0;1
395;91.48;91.48;91.48;54.009600000000006;0.0;0.0;0.0;0.0;0.0;0.0;0.0;0.0;0.0;0.0;0.0;0.0;0.0;0.0;0.0;0.0;0.0;0.0;0.0;0.0;0.0;0.0;0.0;0.0;1
396;58.8;58.8;58.8;0.1599999999999999;0.0;0.0;0.0;0.0;0.0;0.0;0.0;0.0;0.0;0.0;0.0;0.0;0.0;0.0;0.0;0.0;0.0;0.0;0.0;0.0;0.0;0.0;0.0;0.0;1
397;92.04;92.04;92.04;1.8784000000000018;0.0;0.0;0.0;0.0;0.0;0.0;0.0;0.0;0.0;0.0;0.0;0.0;0.0;0.0;0.0;0.0;0.0;0.0;0.0;0.0;0.0;0.0;0.0;0.0;0
398;93.04;93.04;93.04;3.7183999999999986;0.0;0.0;0.0;0.0;0.0;0.0;0.0;0.0;0.0;0.0;0.0;0.0;0.0;0.0;0.0;0.0;0.0;0.0;0.0;0.0;0.0;0.0;0.0;0.0;0
399;45.4;45.4;45.4;2.3999999999999986;0.0;0.0;0.0;0.0;0.0;0.0;0.0;0.0;0.0;0.0;0.0;0.0;0.0;0.0;0.0;0.0;0.0;0.0;0.0;0.0;0.0;0.0;0.0;0.0;1
400;167.16;167.16;167.16;1.8143999999999987;6375.0;12750.0;12750.0;38250.0;25500.0;38250.0;127500.0;76500.0;76500.0;127500.0;12750.0;0.0;12750.0;0.0;0.0;0.0;0.0;0.00031372549019607844;0.0;0.00031372549019607844;0.0;0.0;0.0;0.0;0
401;98.36;98.36;98.36;18.9504;0.0;0.0;0.0;0.0;0.0;0.0;0.0;0.0;0.0;0.0;0.0;0.0;0.0;0.0;0.0;0.0;0.0;0.0;0.0;0.0;0.0;0.0;0.0;0.0;1
402;3.0;3.0;3.0;0.0;0.0;0.0;0.0;0.0;0.0;0.0;0.0;0.0;0.0;0.0;0.0;0.0;0.0;0.0;0.0;0.0;0.0;0.0;0.0;0.0;0.0;0.0;0.0;0.0;0
403;72.92;72.92;72.92;4.7936;0.0;0.0;0.0;0.0;0.0;0.0;0.0;0.0;0.0;0.0;0.0;0.0;0.0;0.0;0.0;0.0;0.0;0.0;0.0;0.0;0.0;0.0;0.0;0.0;1
404;94.4;94.4;94.4;2.399999999999999;0.0;0.0;0.0;0.0;0.0;0.0;0.0;0.0;0.0;0.0;0.0;0.0;0.0;0.0;0.0;0.0;0.0;0.0;0.0;0.0;0.0;0.0;0.0;0.0;0
405;76.2;76.2;76.2;13.520000000000003;0.0;0.0;0.0;0.0;0.0;0.0;0.0;0.0;0.0;0.0;0.0;0.0;0.0;0.0;0.0;0.0;0.0;0.0;0.0;0.0;0.0;0.0;0.0;0.0;1
406;105.64;105.64;105.64;20.310399999999998;0.0;0.0;0.0;0.0;0.0;0.0;0.0;0.0;0.0;0.0;0.0;0.0;0.0;0.0;0.0;0.0;0.0;0.0;0.0;0.0;0.0;0.0;0.0;0.0;1
407;81.68;81.68;81.68;0.8576000000000003;0.0;0.0;0.0;0.0;0.0;0.0;0.0;0.0;0.0;0.0;0.0;0.0;0.0;0.0;0.0;0.0;0.0;0.0;0.0;0.0;0.0;0.0;0.0;0.0;0
408;131.96;131.96;131.96;1.7184;6375.0;12750.0;12750.0;38250.0;25500.0;38250.0;127500.0;76500.0;76500.0;127500.0;12750.0;0.0;12750.0;0.0;0.0;0.0;0.0;0.00031372549019607844;0.0;0.00031372549019607844;0.0;0.0;0.0;0.0;0
409;73.56;73.56;73.56;3.6864000000000017;0.0;0.0;0.0;0.0;0.0;0.0;0.0;0.0;0.0;0.0;0.0;0.0;0.0;0.0;0.0;0.0;0.0;0.0;0.0;0.0;0.0;0.0;0.0;0.0;0
410;64.04;64.04;64.04;13.078400000000002;0.0;0.0;0.0;0.0;0.0;0.0;0.0;0.0;0.0;0.0;0.0;0.0;0.0;0.0;0.0;0.0;0.0;0.0;0.0;0.0;0.0;0.0;0.0;0.0;1
411;81.84;81.84;81.84;30.6144;0.0;0.0;0.0;0.0;0.0;0.0;0.0;0.0;0.0;0.0;0.0;0.0;0.0;0.0;0.0;0.0;0.0;0.0;0.0;0.0;0.0;0.0;0.0;0.0;1
412;73.6;73.6;73.6;26.56000000000001;0.0;0.0;0.0;0.0;0.0;0.0;0.0;0.0;0.0;0.0;0.0;0.0;0.0;0.0;0.0;0.0;0.0;0.0;0.0;0.0;0.0;0.0;0.0;0.0;1
413;89.96;89.96;89.96;1.1583999999999997;0.0;0.0;0.0;0.0;0.0;0.0;0.0;0.0;0.0;0.0;0.0;0.0;0.0;0.0;0.0;0.0;0.0;0.0;0.0;0.0;0.0;0.0;0.0;0.0;0
414;80.24;80.24;80.24;8.66240000000001;0.0;0.0;0.0;0.0;0.0;0.0;0.0;0.0;0.0;0.0;0.0;0.0;0.0;0.0;0.0;0.0;0.0;0.0;0.0;0.0;0.0;0.0;0.0;0.0;1
415;78.48;78.48;78.48;19.129600000000003;0.0;0.0;0.0;0.0;0.0;0.0;0.0;0.0;0.0;0.0;0.0;0.0;0.0;0.0;0.0;0.0;0.0;0.0;0.0;0.0;0.0;0.0;0.0;0.0;1
416;113.88;113.88;113.88;217.46559999999997;1785.0;5865.0;1530.0;20145.0;5355.0;2550.0;71655.0;19125.0;8925.0;4590.0;874.2857142857138;327.8571428571431;1238.5714285714287;-281.0204081632546;-296.632653061223;-15.6122448979595;281.0204081632646;0.0002743954724747039;0.00010289830217801413;0.0003887269193391642;-2.087576066335201e-06;-2.203552514465007e-06;-1.1597644812974015e-07;2.0875760663352755e-06;1
417;75.2;75.2;75.2;0.1599999999999999;0.0;0.0;0.0;0.0;0.0;0.0;0.0;0.0;0.0;0.0;0.0;0.0;0.0;0.0;0.0;0.0;0.0;0.0;0.0;0.0;0.0;0.0;0.0;0.0;0
418;128.56;128.56;128.56;36.086399999999976;3315.0;10200.0;5355.0;34170.0;18360.0;15555.0;120360.0;64770.0;54060.0;51255.0;2785.3846153846134;1883.076923076922;6904.615384615385;-1919.2899408283993;-2015.857988165676;114.67455621301997;3820.47337278106;0.000253465063767883;0.00017135666282899132;0.0006283077637063019;-3.0334144781937777e-06;-3.186039106027425e-06;1.812417455524622e-07;6.038211838668748e-06;0
419;71.36;71.36;71.36;5.910400000000001;0.0;0.0;0.0;0.0;0.0;0.0;0.0;0.0;0.0;0.0;0.0;0.0;0.0;0.0;0.0;0.0;0.0;0.0;0.0;0.0;0.0;0.0;0.0;0.0;1
420;89.28;89.28;89.28;62.8416;0.0;0.0;0.0;0.0;0.0;0.0;0.0;0.0;0.0;0.0;0.0;0.0;0.0;0.0;0.0;0.0;0.0;0.0;0.0;0.0;0.0;0.0;0.0;0.0;1
421;4.24;4.24;4.24;0.6623999999999999;0.0;0.0;0.0;0.0;0.0;0.0;0.0;0.0;0.0;0.0;0.0;0.0;0.0;0.0;0.0;0.0;0.0;0.0;0.0;0.0;0.0;0.0;0.0;0.0;0
422;95.84;95.84;95.84;0.29440000000000005;0.0;0.0;0.0;0.0;0.0;0.0;0.0;0.0;0.0;0.0;0.0;0.0;0.0;0.0;0.0;0.0;0.0;0.0;0.0;0.0;0.0;0.0;0.0;0.0;0
423;133.64;133.64;133.64;57.750399999999985;4590.0;6375.0;7905.0;15045.0;8415.0;23205.0;41565.0;15045.0;23715.0;76755.0;6190.833333333334;-2564.166666666666;9590.833333333334;3472.4074074074088;-3743.1481481481487;317.9629629629617;3755.7407407407445;0.00029384867801716025;-0.00012170849135264528;0.00045523010301514296;2.4327582843728123e-06;-2.622438440724636e-06;2.2276390455272255e-07;2.6312607735782114e-06;1
424;136.0;136.0;136.0;0.0;6375.0;12750.0;12750.0;38250.0;25500.0;38250.0;127500.0;76500.0;76500.0;127500.0;12750.0;0.0;12750.0;0.0;0.0;0.0;0.0;0.00031372549019607844;0.0;0.00031372549019607844;0.0;0.0;0.0;0.0;0
425;66.04;66.04;66.04;61.31839999999997;0.0;0.0;0.0;0.0;0.0;0.0;0.0;0.0;0.0;0.0;0.0;0.0;0.0;0.0;0.0;0.0;0.0;0.0;0.0;0.0;0.0;0.0;0.0;0.0;1
426;94.96;94.96;94.96;8.598399999999996;0.0;0.0;0.0;0.0;0.0;0.0;0.0;0.0;0.0;0.0;0.0;0.0;0.0;0.0;0.0;0.0;0.0;0.0;0.0;0.0;0.0;0.0;0.0;0.0;0
427;68.8;68.8;68.8;2.88;0.0;0.0;0.0;0.0;0.0;0.0;0.0;0.0;0.0;0.0;0.0;0.0;0.0;0.0;0.0;0.0;0.0;0.0;0.0;0.0;0.0;0.0;0.0;0.0;0
428;78.56;78.56;78.56;4.166400000000002;0.0;0.0;0.0;0.0;0.0;0.0;0.0;0.0;0.0;0.0;0.0;0.0;0.0;0.0;0.0;0.0;0.0;0.0;0.0;0.0;0.0;0.0;0.0;0.0;0
429;124.08;124.08;124.08;0.6335999999999996;0.0;0.0;0.0;0.0;0.0;0.0;0.0;0.0;0.0;0.0;0.0;0.0;0.0;0.0;0.0;0.0;0.0;0.0;0.0;0.0;0.0;0.0;0.0;0.0;0
430;4.0;4.0;4.0;0.0;0.0;0.0;0.0;0.0;0.0;0.0;0.0;0.0;0.0;0.0;0.0;0.0;0.0;0.0;0.0;0.0;0.0;0.0;0.0;0.0;0.0;0.0;0.0;0.0;0
431;115.96;115.96;115.96;11.878400000000001;0.0;0.0;0.0;0.0;0.0;0.0;0.0;0.0;0.0;0.0;0.0;0.0;0.0;0.0;0.0;0.0;0.0;0.0;0.0;0.0;0.0;0.0;0.0;0.0;0
432;92.84;92.84;92.84;1.0943999999999987;0.0;0.0;0.0;0.0;0.0;0.0;0.0;0.0;0.0;0.0;0.0;0.0;0.0;0.0;0.0;0.0;0.0;0.0;0.0;0.0;0.0;0.0;0.0;0.0;1
433;95.72;95.72;95.72;25.721599999999988;0.0;0.0;0.0;0.0;0.0;0.0;0.0;0.0;0.0;0.0;0.0;0.0;0.0;0.0;0.0;0.0;0.0;0.0;0.0;0.0;0.0;0.0;0.0;0.0;1
434;66.0;66.0;66.0;0.0;0.0;0.0;0.0;0.0;0.0;0.0;0.0;0.0;0.0;0.0;0.0;0.0;0.0;0.0;0.0;0.0;0.0;0.0;0.0;0.0;0.0;0.0;0.0;0.0;0
435;112.48;112.48;112.48;1.6895999999999993;0.0;0.0;0.0;0.0;0.0;0.0;0.0;0.0;0.0;0.0;0.0;0.0;0.0;0.0;0.0;0.0;0.0;0.0;0.0;0.0;0.0;0.0;0.0;0.0;0
436;93.32;93.32;93.32;1.0176000000000003;0.0;0.0;0.0;0.0;0.0;0.0;0.0;0.0;0.0;0.0;0.0;0.0;0.0;0.0;0.0;0.0;0.0;0.0;0.0;0.0;0.0;0.0;0.0;0.0;0
437;133.56;133.56;133.56;7.206400000000005;6120.0;12750.0;12750.0;38250.0;25500.0;38250.0;127500.0;76500.0;76500.0;127500.0;11687.500000000004;-1062.4999999999964;11687.500000000004;-885.4166666666715;1239.5833333333285;1239.5833333333285;-885.4166666666715;0.00031204611474219325;-2.8367828612926552e-05;0.00031204611474219325;-3.021823799407989e-07;4.230553319171145e-07;4.230553319171145e-07;-3.021823799407989e-07;0
438;4.0;4.0;4.0;0.0;0.0;0.0;0.0;0.0;0.0;0.0;0.0;0.0;0.0;0.0;0.0;0.0;0.0;0.0;0.0;0.0;0.0;0.0;0.0;0.0;0.0;0.0;0.0;0.0;0
439;88.92;88.92;88.92;17.193599999999996;0.0;0.0;0.0;0.0;0.0;0.0;0.0;0.0;0.0;0.0;0.0;0.0;0.0;0.0;0.0;0.0;0.0;0.0;0.0;0.0;0.0;0.0;0.0;0.0;1
440;81.4;81.4;81.4;7.999999999999997;0.0;0.0;0.0;0.0;0.0;0.0;0.0;0.0;0.0;0.0;0.0;0.0;0.0;0.0;0.0;0.0;0.0;0.0;0.0;0.0;0.0;0.0;0.0;0.0;0
441;66.6;66.6;66.6;20.560000000000013;0.0;0.0;0.0;0.0;0.0;0.0;0.0;0.0;0.0;0.0;0.0;0.0;0.0;0.0;0.0;0.0;0.0;0.0;0.0;0.0;0.0;0.0;0.0;0.0;1
442;94.96;94.96;94.96;34.998400000000004;0.0;0.0;0.0;0.0;0.0;0.0;0.0;0.0;0.0;0.0;0.0;0.0;0.0;0.0;0.0;0.0;0.0;0.0;0.0;0.0;0.0;0.0;0.0;0.0;1
443;90.24;90.24;90.24;84.50240000000002;0.0;0.0;0.0;0.0;0.0;0.0;0.0;0.0;0.0;0.0;0.0;0.0;0.0;0.0;0.0;0.0;0.0;0.0;0.0;0.0;0.0;0.0;0.0;0.0;1
444;81.72;81.72;81.72;11.561599999999999;0.0;0.0;0.0;0.0;0.0;0.0;0.0;0.0;0.0;0.0;0.0;0.0;0.0;0.0;0.0;0.0;0.0;0.0;0.0;0.0;0.0;0.0;0.0;0.0;1
445;123.36;123.36;123.36;368.9504;2550.0;5100.0;8925.0;15300.0;17850.0;31875.0;51000.0;53550.0;63750.0;116025.0;5100.0;0.0;637.5;0.0;0.0;0.0;0.0;0.000784313725490196;0.0;9.80392156862745e-05;0.0;0.0;0.0;0.0;1
446;139.56;139.56;139.56;6.406400000000003;6375.0;12750.0;12750.0;38250.0;25500.0;38250.0;127500.0;76500.0;76500.0;127500.0;12750.0;0.0;12750.0;0.0;0.0;0.0;0.0;0.00031372549019607844;0.0;0.00031372549019607844;0.0;0.0;0.0;0.0;0
447;77.0;77.0;77.0;34.4;0.0;0.0;0.0;0.0;0.0;0.0;0.0;0.0;0.0;0.0;0.0;0.0;0.0;0.0;0.0;0.0;0.0;0.0;0.0;0.0;0.0;0.0;0.0;0.0;1
448;118.0;118.0;118.0;0.0;0.0;0.0;0.0;0.0;0.0;0.0;0.0;0.0;0.0;0.0;0.0;0.0;0.0;0.0;0.0;0.0;0.0;0.0;0.0;0.0;0.0;0.0;0.0;0.0;0
449;123.88;123.88;123.88;9.225599999999995;0.0;0.0;0.0;0.0;0.0;0.0;0.0;0.0;0.0;0.0;0.0;0.0;0.0;0.0;0.0;0.0;0.0;0.0;0.0;0.0;0.0;0.0;0.0;0.0;0
450;108.32;108.32;108.32;1.1776000000000002;0.0;0.0;0.0;0.0;0.0;0.0;0.0;0.0;0.0;0.0;0.0;0.0;0.0;0.0;0.0;0.0;0.0;0.0;0.0;0.0;0.0;0.0;0.0;0.0;0
451;103.6;103.6;103.6;2.8799999999999994;0.0;0.0;0.0;0.0;0.0;0.0;0.0;0.0;0.0;0.0;0.0;0.0;0.0;0.0;0.0;0.0;0.0;0.0;0.0;0.0;0.0;0.0;0.0;0.0;0
452;121.32;121.32;121.32;1.1776000000000002;0.0;0.0;0.0;0.0;0.0;0.0;0.0;0.0;0.0;0.0;0.0;0.0;0.0;0.0;0.0;0.0;0.0;0.0;0.0;0.0;0.0;0.0;0.0;0.0;0
453;81.2;81.2;81.2;6.319999999999998;0.0;0.0;0.0;0.0;0.0;0.0;0.0;0.0;0.0;0.0;0.0;0.0;0.0;0.0;0.0;0.0;0.0;0.0;0.0;0.0;0.0;0.0;0.0;0.0;1
454;90.68;90.68;90.68;72.13759999999998;0.0;0.0;0.0;0.0;0.0;0.0;0.0;0.0;0.0;0.0;0.0;0.0;0.0;0.0;0.0;0.0;0.0;0.0;0.0;0.0;0.0;0.0;0.0;0.0;1
455;93.0;93.0;93.0;0.0;0.0;0.0;0.0;0.0;0.0;0.0;0.0;0.0;0.0;0.0;0.0;0.0;0.0;0.0;0.0;0.0;0.0;0.0;0.0;0.0;0.0;0.0;0.0;0.0;0
456;82.6;82.6;82.6;3.84;0.0;0.0;0.0;0.0;0.0;0.0;0.0;0.0;0.0;0.0;0.0;0.0;0.0;0.0;0.0;0.0;0.0;0.0;0.0;0.0;0.0;0.0;0.0;0.0;1
457;114.0;114.0;114.0;48.88;0.0;0.0;0.0;0.0;0.0;0.0;0.0;0.0;0.0;0.0;0.0;0.0;0.0;0.0;0.0;0.0;0.0;0.0;0.0;0.0;0.0;0.0;0.0;0.0;1
458;68.8;68.8;68.8;2.559999999999999;0.0;0.0;0.0;0.0;0.0;0.0;0.0;0.0;0.0;0.0;0.0;0.0;0.0;0.0;0.0;0.0;0.0;0.0;0.0;0.0;0.0;0.0;0.0;0.0;1
459;128.28;128.28;128.28;73.88159999999999;3315.0;5355.0;10200.0;15555.0;18360.0;34170.0;51255.0;54060.0;64770.0;120360.0;6904.615384615385;1883.076923076922;2785.3846153846134;3820.47337278106;114.67455621301997;-2015.857988165676;-1919.2899408283993;0.0006283077637063019;0.00017135666282899132;0.000253465063767883;6.038211838668748e-06;1.812417455524622e-07;-3.186039106027425e-06;-3.0334144781937777e-06;1
460;133.72;133.72;133.72;3.5616000000000008;6375.0;12750.0;12750.0;38250.0;25500.0;38250.0;127500.0;76500.0;76500.0;127500.0;12750.0;0.0;12750.0;0.0;0.0;0.0;0.0;0.00031372549019607844;0.0;0.00031372549019607844;0.0;0.0;0.0;0.0;0
461;4.0;4.0;4.0;0.0;0.0;0.0;0.0;0.0;0.0;0.0;0.0;0.0;0.0;0.0;0.0;0.0;0.0;0.0;0.0;0.0;0.0;0.0;0.0;0.0;0.0;0.0;0.0;0.0;0
462;146.64;146.64;146.64;7.110400000000001;6375.0;12750.0;12750.0;38250.0;25500.0;38250.0;127500.0;76500.0;76500.0;127500.0;12750.0;0.0;12750.0;0.0;0.0;0.0;0.0;0.00031372549019607844;0.0;0.00031372549019607844;0.0;0.0;0.0;0.0;0
463;4.0;4.0;4.0;0.0;0.0;0.0;0.0;0.0;0.0;0.0;0.0;0.0;0.0;0.0;0.0;0.0;0.0;0.0;0.0;0.0;0.0;0.0;0.0;0.0;0.0;0.0;0.0;0.0;0
464;153.44;153.44;153.44;0.8863999999999999;6375.0;12750.0;12750.0;38250.0;25500.0;38250.0;127500.0;76500.0;76500.0;127500.0;12750.0;0.0;12750.0;0.0;0.0;0.0;0.0;0.00031372549019607844;0.0;0.00031372549019607844;0.0;0.0;0.0;0.0;0
465;123.68;123.68;123.68;4.3775999999999975;0.0;0.0;0.0;0.0;0.0;0.0;0.0;0.0;0.0;0.0;0.0;0.0;0.0;0.0;0.0;0.0;0.0;0.0;0.0;0.0;0.0;0.0;0.0;0.0;0
466;147.2;147.2;147.2;6.159999999999998;6375.0;12750.0;12750.0;38250.0;25500.0;38250.0;127500.0;76500.0;76500.0;127500.0;12750.0;0.0;12750.0;0.0;0.0;0.0;0.0;0.00031372549019607844;0.0;0.00031372549019607844;0.0;0.0;0.0;0.0;0
467;66.64;66.64;66.64;31.110399999999995;0.0;0.0;0.0;0.0;0.0;0.0;0.0;0.0;0.0;0.0;0.0;0.0;0.0;0.0;0.0;0.0;0.0;0.0;0.0;0.0;0.0;0.0;0.0;0.0;1
468;88.0;88.0;88.0;1.68;0.0;0.0;0.0;0.0;0.0;0.0;0.0;0.0;0.0;0.0;0.0;0.0;0.0;0.0;0.0;0.0;0.0;0.0;0.0;0.0;0.0;0.0;0.0;0.0;0
469;74.64;74.64;74.64;11.430400000000002;0.0;0.0;0.0;0.0;0.0;0.0;0.0;0.0;0.0;0.0;0.0;0.0;0.0;0.0;0.0;0.0;0.0;0.0;0.0;0.0;0.0;0.0;0.0;0.0;1
470;3.0;3.0;3.0;0.0;0.0;0.0;0.0;0.0;0.0;0.0;0.0;0.0;0.0;0.0;0.0;0.0;0.0;0.0;0.0;0.0;0.0;0.0;0.0;0.0;0.0;0.0;0.0;0.0;0
471;155.92;155.92;155.92;2.7136;6375.0;12750.0;12750.0;38250.0;25500.0;38250.0;127500.0;76500.0;76500.0;127500.0;12750.0;0.0;12750.0;0.0;0.0;0.0;0.0;0.00031372549019607844;0.0;0.00031372549019607844;0.0;0.0;0.0;0.0;0
472;147.92;147.92;147.92;8.553600000000007;6375.0;12750.0;12750.0;38250.0;25500.0;38250.0;127500.0;76500.0;76500.0;127500.0;12750.0;0.0;12750.0;0.0;0.0;0.0;0.0;0.00031372549019607844;0.0;0.00031372549019607844;0.0;0.0;0.0;0.0;0
473;127.04;127.04;127.04;166.5184;2805.0;6885.0;9180.0;21675.0;21420.0;31620.0;74205.0;66300.0;70890.0;113220.0;4775.454545454544;-1112.727272727272;1576.3636363636397;-2440.4132231404947;826.1157024793447;560.5785123966866;-581.6528925619932;0.0006069445058263724;-0.00014142396252264983;0.00020035061357375449;-5.856406385996078e-06;1.9824795365375474e-06;1.3452539712218795e-06;-1.3958274287866541e-06;1
474;136.48;136.48;136.48;22.249600000000004;5865.0;11220.0;10965.0;33660.0;20145.0;31875.0;113730.0;60435.0;57375.0;104295.0;12195.652173913044;-831.5217391304323;11375.217391304348;2675.3308128544304;686.9092627599275;-494.09262759924604;2169.1871455576766;0.0003545430665074446;-2.4173390898234782e-05;0.00033069198748785286;1.0155643575722254e-06;2.607530107280062e-07;-1.8755918315523252e-07;8.234305601937079e-07;0
475;89.2;89.2;89.2;2.5599999999999983;0.0;0.0;0.0;0.0;0.0;0.0;0.0;0.0;0.0;0.0;0.0;0.0;0.0;0.0;0.0;0.0;0.0;0.0;0.0;0.0;0.0;0.0;0.0;0.0;0
476;108.4;108.4;108.4;3.8400000000000016;0.0;0.0;0.0;0.0;0.0;0.0;0.0;0.0;0.0;0.0;0.0;0.0;0.0;0.0;0.0;0.0;0.0;0.0;0.0;0.0;0.0;0.0;0.0;0.0;0
477;214.04;214.04;214.04;1.7183999999999993;6375.0;12750.0;12750.0;38250.0;25500.0;38250.0;127500.0;76500.0;76500.0;127500.0;12750.0;0.0;12750.0;0.0;0.0;0.0;0.0;0.00031372549019607844;0.0;0.00031372549019607844;0.0;0.0;0.0;0.0;0
478;102.68;102.68;102.68;13.977599999999994;0.0;0.0;0.0;0.0;0.0;0.0;0.0;0.0;0.0;0.0;0.0;0.0;0.0;0.0;0.0;0.0;0.0;0.0;0.0;0.0;0.0;0.0;0.0;0.0;1
479;125.88;125.88;125.88;107.4656;3060.0;2550.0;7140.0;4590.0;7650.0;23460.0;10200.0;15810.0;28050.0;83640.0;2465.0;1700.000000000001;6800.000000000004;2266.666666666667;2266.666666666668;566.666666666667;-2833.333333333343;0.0002632534495279593;0.00018155410312273065;0.0007262164124909226;4.37606830102994e-06;4.376068301029941e-06;1.0940170752574853e-06;-5.470085376287442e-06;0
480;4.0;4.0;4.0;0.0;0.0;0.0;0.0;0.0;0.0;0.0;0.0;0.0;0.0;0.0;0.0;0.0;0.0;0.0;0.0;0.0;0.0;0.0;0.0;0.0;0.0;0.0;0.0;0.0;0
481;60.48;60.48;60.48;0.24959999999999988;0.0;0.0;0.0;0.0;0.0;0.0;0.0;0.0;0.0;0.0;0.0;0.0;0.0;0.0;0.0;0.0;0.0;0.0;0.0;0.0;0.0;0.0;0.0;0.0;1
482;83.76;83.76;83.76;9.622400000000006;0.0;0.0;0.0;0.0;0.0;0.0;0.0;0.0;0.0;0.0;0.0;0.0;0.0;0.0;0.0;0.0;0.0;0.0;0.0;0.0;0.0;0.0;0.0;0.0;0
483;105.28;105.28;105.28;30.5216;0.0;0.0;0.0;0.0;0.0;0.0;0.0;0.0;0.0;0.0;0.0;0.0;0.0;0.0;0.0;0.0;0.0;0.0;0.0;0.0;0.0;0.0;0.0;0.0;1
484;3.0;3.0;3.0;0.0;0.0;0.0;0.0;0.0;0.0;0.0;0.0;0.0;0.0;0.0;0.0;0.0;0.0;0.0;0.0;0.0;0.0;0.0;0.0;0.0;0.0;0.0;0.0;0.0;0
485;140.28;140.28;140.28;37.6416;6120.0;11985.0;11730.0;35955.0;22440.0;34170.0;120615.0;67320.0;64260.0;111180.0;12484.375;-531.25;11687.5;1305.989583333343;486.9791666666715;-619.7916666666606;885.4166666666715;0.00033332198620188814;-1.4183914306463323e-05;0.00031204611474219314;4.457190104126792e-07;1.6620030896744013e-07;-2.11527665958556e-07;3.021823799407989e-07;0
486;109.24;109.24;109.24;22.262400000000007;0.0;0.0;0.0;0.0;0.0;0.0;0.0;0.0;0.0;0.0;0.0;0.0;0.0;0.0;0.0;0.0;0.0;0.0;0.0;0.0;0.0;0.0;0.0;0.0;1
487;92.52;92.52;92.52;54.569599999999994;0.0;0.0;0.0;0.0;0.0;0.0;0.0;0.0;0.0;0.0;0.0;0.0;0.0;0.0;0.0;0.0;0.0;0.0;0.0;0.0;0.0;0.0;0.0;0.0;1
488;4.0;4.0;4.0;0.0;0.0;0.0;0.0;0.0;0.0;0.0;0.0;0.0;0.0;0.0;0.0;0.0;0.0;0.0;0.0;0.0;0.0;0.0;0.0;0.0;0.0;0.0;0.0;0.0;0
489;132.24;132.24;132.24;12.502399999999986;5355.0;9180.0;12240.0;25500.0;23715.0;37740.0;81090.0;70125.0;74715.0;126990.0;9762.857142857143;2732.1428571428587;9762.857142857145;3903.0612244898075;2471.9387755102034;-2471.938775510207;-3903.061224489793;0.00034045364177416994;9.527620572038342e-05;0.00034045364177417;1.8599731540933608e-06;1.177982997592458e-06;-1.1779829975924598e-06;-1.8599731540933538e-06;0
490;152.24;152.24;152.24;9.4624;6375.0;12750.0;12750.0;38250.0;25500.0;38250.0;127500.0;76500.0;76500.0;127500.0;12750.0;0.0;12750.0;0.0;0.0;0.0;0.0;0.00031372549019607844;0.0;0.00031372549019607844;0.0;0.0;0.0;0.0;0
491;3.0;3.0;3.0;0.0;0.0;0.0;0.0;0.0;0.0;0.0;0.0;0.0;0.0;0.0;0.0;0.0;0.0;0.0;0.0;0.0;0.0;0.0;0.0;0.0;0.0;0.0;0.0;0.0;0
492;89.32;89.32;89.32;125.25760000000002;0.0;0.0;0.0;0.0;0.0;0.0;0.0;0.0;0.0;0.0;0.0;0.0;0.0;0.0;0.0;0.0;0.0;0.0;0.0;0.0;0.0;0.0;0.0;0.0;1
493;4.72;4.72;4.72;1.6416000000000002;0.0;0.0;0.0;0.0;0.0;0.0;0.0;0.0;0.0;0.0;0.0;0.0;0.0;0.0;0.0;0.0;0.0;0.0;0.0;0.0;0.0;0.0;0.0;0.0;0
494;122.0;122.0;122.0;6.4;0.0;0.0;0.0;0.0;0.0;0.0;0.0;0.0;0.0;0.0;0.0;0.0;0.0;0.0;0.0;0.0;0.0;0.0;0.0;0.0;0.0;0.0;0.0;0.0;0
495;48.16;48.16;48.16;2.294399999999999;0.0;0.0;0.0;0.0;0.0;0.0;0.0;0.0;0.0;0.0;0.0;0.0;0.0;0.0;0.0;0.0;0.0;0.0;0.0;0.0;0.0;0.0;0.0;0.0;1
496;163.4;163.4;163.4;2.479999999999999;6375.0;12750.0;12750.0;38250.0;25500.0;38250.0;127500.0;76500.0;76500.0;127500.0;12750.0;0.0;12750.0;0.0;0.0;0.0;0.0;0.00031372549019607844;0.0;0.00031372549019607844;0.0;0.0;0.0;0.0;0
497;71.96;71.96;71.96;11.078399999999997;0.0;0.0;0.0;0.0;0.0;0.0;0.0;0.0;0.0;0.0;0.0;0.0;0.0;0.0;0.0;0.0;0.0;0.0;0.0;0.0;0.0;0.0;0.0;0.0;0
498;145.36;145.36;145.36;29.350399999999997;6375.0;12750.0;12750.0;38250.0;25500.0;38250.0;127500.0;76500.0;76500.0;127500.0;12750.0;0.0;12750.0;0.0;0.0;0.0;0.0;0.00031372549019607844;0.0;0.00031372549019607844;0.0;0.0;0.0;0.0;1
499;137.2;137.2;137.2;6.1599999999999975;6375.0;12750.0;12750.0;38250.0;25500.0;38250.0;127500.0;76500.0;76500.0;127500.0;12750.0;0.0;12750.0;0.0;0.0;0.0;0.0;0.00031372549019607844;0.0;0.00031372549019607844;0.0;0.0;0.0;0.0;0
