Lp;R;G;B;War;Dec
0;82.74;82.74;82.74;96.13240000000002;1
1;200.67;200.67;200.67;0.8610999999999994;0
2;102.08;102.08;102.08;43.79360000000004;0
3;109.02;109.02;109.02;160.2196000000001;1
4;92.36;92.36;92.36;3.1304000000000074;0
5;125.4;125.4;125.4;18.020000000000003;0
6;156.51;156.51;156.51;8.569899999999983;0
7;120.6;120.6;120.6;135.06000000000006;1
8;156.15;156.15;156.15;33.04750000000001;0
9;114.3;114.3;114.3;22.669999999999977;0
10;133.93;133.93;133.93;2.585099999999996;0
11;128.86;128.86;128.86;241.00039999999998;0
12;116.94;116.94;116.94;6.376400000000005;0
13;135.88;135.88;135.88;84.58559999999997;1
14;118.68;118.68;118.68;2.9975999999999954;0
15;114.73;114.73;114.73;4.0171;0
16;121.57;121.57;121.57;23.665099999999995;0
17;97.0;97.0;97.0;28.2;0
18;84.08;84.08;84.08;13.013600000000002;0
19;149.66;149.66;149.66;23.064400000000024;0
20;160.33;160.33;160.33;7.721100000000015;0
21;3.0;3.0;3.0;0.0;0
22;68.53;68.53;68.53;17.269100000000023;1
23;136.2;136.2;136.2;11.779999999999989;0
24;90.87;90.87;90.87;165.17310000000012;1
25;100.36;100.36;100.36;31.030400000000032;0
26;161.3;161.3;161.3;7.610000000000016;0
27;111.2;111.2;111.2;61.980000000000025;1
28;80.88;80.88;80.88;54.985599999999955;1
29;108.67;108.67;108.67;2.381100000000005;0
30;115.87;115.87;115.87;10.53309999999999;0
31;116.08;116.08;116.08;16.593600000000006;0
32;115.89;115.89;115.89;13.517899999999978;0
33;96.82;96.82;96.82;74.42760000000001;1
34;116.01;116.01;116.01;34.54989999999993;0
35;145.86;145.86;145.86;14.760400000000033;0
36;140.31;140.31;140.31;7.2338999999999825;0
37;131.13;131.13;131.13;4.7131000000000105;0
38;93.65;93.65;93.65;3.3275000000000046;0
39;81.35;81.35;81.35;59.247499999999974;1
40;88.68;88.68;88.68;31.55760000000004;1
41;100.84;100.84;100.84;120.15440000000027;1
42;134.92;134.92;134.92;497.35360000000026;1
43;143.79;143.79;143.79;9.985899999999992;0
44;92.68;92.68;92.68;4.817599999999994;0
45;87.29;87.29;87.29;81.46590000000008;1
46;122.18;122.18;122.18;95.64759999999998;1
47;118.3;118.3;118.3;16.009999999999977;0
48;105.17;105.17;105.17;262.10110000000014;1
49;87.97;87.97;87.97;13.709099999999989;0
50;85.66;85.66;85.66;23.24440000000001;0
51;120.39;120.39;120.39;35.39790000000002;0
52;171.09;171.09;171.09;3.561900000000008;0
53;136.91;136.91;136.91;57.46189999999997;1
54;87.31;87.31;87.31;44.45390000000001;1
55;125.42;125.42;125.42;13.923600000000015;0
56;130.39;130.39;130.39;6.377899999999991;0
57;137.25;137.25;137.25;15.2275;0
58;112.19;112.19;112.19;11.653900000000021;0
59;154.98;154.98;154.98;25.599599999999977;0
60;106.19;106.19;106.19;14.433899999999998;0
61;112.77;112.77;112.77;63.41710000000006;1
62;116.85;116.85;116.85;47.1875;1
63;118.03;118.03;118.03;7.189100000000002;0
64;58.56;58.56;58.56;17.18639999999997;1
65;4.0;4.0;4.0;0.0;0
66;114.41;114.41;114.41;483.8819000000005;0
67;114.96;114.96;114.96;5.978400000000009;0
68;162.22;162.22;162.22;19.891599999999958;0
69;138.6;138.6;138.6;3.220000000000001;0
70;131.04;131.04;131.04;127.47840000000004;1
71;90.18;90.18;90.18;144.42760000000004;0
72;86.29;86.29;86.29;72.48589999999996;1
73;77.3;77.3;77.3;16.849999999999998;1
74;116.99;116.99;116.99;23.909900000000007;0
75;123.85;123.85;123.85;6.047499999999998;0
76;9.89;9.89;9.89;179.8578999999998;0
77;74.18;74.18;74.18;205.1675999999999;1
78;122.36;122.36;122.36;6.690400000000006;0
79;138.79;138.79;138.79;4.565900000000009;0
80;3.0;3.0;3.0;0.0;0
81;104.52;104.52;104.52;13.269600000000004;0
82;4.0;4.0;4.0;0.0;0
83;106.29;106.29;106.29;7.225900000000003;0
84;102.07;102.07;102.07;28.265099999999997;0
85;98.7;98.7;98.7;17.37;1
86;99.83;99.83;99.83;4.641100000000008;0
87;86.54;86.54;86.54;36.088399999999986;1
88;140.75;140.75;140.75;8.8275;0
89;128.47;128.47;128.47;7.409099999999988;0
90;99.11;99.11;99.11;4.577899999999999;0
91;89.67;89.67;89.67;21.241099999999996;0
92;98.66;98.66;98.66;17.78439999999999;0
93;69.24;69.24;69.24;61.28239999999999;1
94;114.79;114.79;114.79;46.10589999999999;1
95;136.99;136.99;136.99;27.389900000000065;1
96;71.75;71.75;71.75;32.6075;1
97;62.87;62.87;62.87;76.31309999999993;1
98;104.0;104.0;104.0;235.52;0
99;3.0;3.0;3.0;0.0;0
100;119.33;119.33;119.33;14.74109999999999;0
101;131.39;131.39;131.39;8.177900000000005;0
102;137.12;137.12;137.12;27.165599999999987;0
103;120.61;120.61;120.61;23.057899999999997;0
104;152.75;152.75;152.75;140.0075;1
105;93.55;93.55;93.55;284.9275000000002;1
106;3.0;3.0;3.0;0.0;0
107;89.95;89.95;89.95;270.16750000000036;1
108;104.88;104.88;104.88;21.965600000000006;0
109;121.86;121.86;121.86;24.7004;1
110;133.04;133.04;133.04;66.99839999999999;0
111;4.0;4.0;4.0;0.0;0
112;126.51;126.51;126.51;270.86990000000003;0
113;127.7;127.7;127.7;16.46999999999999;0
114;100.5;100.5;100.5;19.91;1
115;128.38;128.38;128.38;17.815599999999986;0
116;124.67;124.67;124.67;24.32109999999998;1
117;86.22;86.22;86.22;209.0116000000002;1
118;157.13;157.13;157.13;3.7931000000000026;0
119;118.4;118.4;118.4;7.84;0
120;4.0;4.0;4.0;0.0;0
121;104.72;104.72;104.72;3.9215999999999887;0
122;107.5;107.5;107.5;15.91;0
123;92.72;92.72;92.72;201.82160000000007;1
124;121.98;121.98;121.98;8.639600000000003;0
125;124.49;124.49;124.49;23.689900000000023;0
126;94.67;94.67;94.67;3.3011000000000035;0
127;132.08;132.08;132.08;19.93360000000001;0
128;103.19;103.19;103.19;236.75389999999996;1
129;3.0;3.0;3.0;0.0;0
130;93.1;93.1;93.1;47.19;1
131;140.39;140.39;140.39;10.297900000000018;0
132;65.16;65.16;65.16;8.854400000000002;1
133;46.0;46.0;46.0;10.34;1
134;4.0;4.0;4.0;0.0;0
135;98.57;98.57;98.57;280.9050999999999;1
136;111.64;111.64;111.64;14.170400000000003;0
137;70.83;70.83;70.83;16.881100000000007;1
138;118.02;118.02;118.02;8.739599999999998;0
139;135.71;135.71;135.71;8.865900000000002;0
140;123.76;123.76;123.76;110.60240000000015;0
141;146.27;146.27;146.27;3.3770999999999987;0
142;90.21;90.21;90.21;165.28589999999988;1
143;136.41;136.41;136.41;18.7419;0
144;166.62;166.62;166.62;19.47559999999992;0
145;140.18;140.18;140.18;191.8676;1
146;3.24;3.24;3.24;0.6623999999999999;0
147;143.04;143.04;143.04;6.098400000000003;0
148;118.8;118.8;118.8;21.72;0
149;130.91;130.91;130.91;313.8019000000001;0
150;119.09;119.09;119.09;7.1019000000000005;0
151;104.89;104.89;104.89;98.21789999999996;0
152;131.38;131.38;131.38;7.37560000000001;0
153;118.5;118.5;118.5;9.63;1
154;3.0;3.0;3.0;0.0;0
155;108.56;108.56;108.56;11.646399999999963;0
156;110.05;110.05;110.05;337.3275000000004;1
157;96.62;96.62;96.62;121.67560000000003;0
158;104.64;104.64;104.64;15.4104;0
159;228.16;228.16;228.16;6.294399999999999;0
160;133.63;133.63;133.63;7.093099999999998;0
161;109.61;109.61;109.61;21.2979;0
162;4.4;4.4;4.4;0.6400000000000025;0
163;4.0;4.0;4.0;0.0;0
164;4.4;4.4;4.4;0.6400000000000026;0
165;126.66;126.66;126.66;7.424400000000002;0
166;120.24;120.24;120.24;18.662400000000005;1
167;82.34;82.34;82.34;16.584400000000006;0
168;114.32;114.32;114.32;10.977599999999995;0
169;103.94;103.94;103.94;22.816399999999984;1
170;87.48;87.48;87.48;130.7495999999999;1
171;120.68;120.68;120.68;9.237599999999993;0
172;148.77;148.77;148.77;79.57710000000003;1
173;102.68;102.68;102.68;7.677599999999995;0
174;67.79;67.79;67.79;5.925899999999995;1
175;171.73;171.73;171.73;199.41710000000006;1
176;133.7;133.7;133.7;7.870000000000015;0
177;110.81;110.81;110.81;12.23389999999998;0
178;136.94;136.94;136.94;25.23639999999997;0
179;147.17;147.17;147.17;14.901099999999994;0
180;104.67;104.67;104.67;24.521099999999993;0
181;112.8;112.8;112.8;87.96000000000002;1
182;180.02;180.02;180.02;7.719599999999986;0
183;86.82;86.82;86.82;171.26759999999985;1
184;74.51;74.51;74.51;19.849900000000005;1
185;88.15;88.15;88.15;73.6875;1
186;96.69;96.69;96.69;346.2739;1
187;113.01;113.01;113.01;40.60990000000007;0
188;114.01;114.01;114.01;20.049900000000022;0
189;127.43;127.43;127.43;8.4051;0
190;104.56;104.56;104.56;6.466399999999988;0
191;91.39;91.39;91.39;96.45790000000001;1
192;120.36;120.36;120.36;2.530400000000006;0
193;112.23;112.23;112.23;24.257099999999998;0
194;132.6;132.6;132.6;17.260000000000023;0
195;137.34;137.34;137.34;14.904399999999987;0
196;109.97;109.97;109.97;5.809100000000002;0
197;83.78;83.78;83.78;258.33160000000004;1
198;130.37;130.37;130.37;62.75310000000001;0
199;4.75;4.75;4.75;1.6875;0
200;57.05;57.05;57.05;12.027500000000005;0
201;127.85;127.85;127.85;167.04749999999996;1
202;3.0;3.0;3.0;0.0;0
203;130.07;130.07;130.07;586.0251000000003;0
204;116.74;116.74;116.74;1.2123999999999995;0
205;151.4;151.4;151.4;56.50000000000005;1
206;114.06;114.06;114.06;225.45640000000003;1
207;127.28;127.28;127.28;2.041599999999997;0
208;100.85;100.85;100.85;14.127499999999998;0
209;152.47;152.47;152.47;14.909099999999968;0
210;73.21;73.21;73.21;27.585900000000006;1
211;4.5;4.5;4.5;0.75;0
212;105.21;105.21;105.21;18.485900000000008;1
213;86.57;86.57;86.57;177.6051;1
214;123.61;123.61;123.61;13.657900000000003;0
215;136.57;136.57;136.57;41.66509999999998;0
216;127.17;127.17;127.17;5.561099999999998;0
217;80.34;80.34;80.34;12.70440000000002;0
218;166.52;166.52;166.52;17.58960000000002;1
219;4.0;4.0;4.0;0.0;0
220;119.79;119.79;119.79;12.065900000000001;0
221;59.27;59.27;59.27;41.41709999999997;1
222;149.56;149.56;149.56;8.446399999999993;0
223;113.55;113.55;113.55;41.30750000000001;1
224;75.22;75.22;75.22;109.65160000000002;1
225;120.79;120.79;120.79;15.82590000000003;0
226;62.79;62.79;62.79;92.5459;1
227;115.2;115.2;115.2;9.499999999999996;0
228;4.0;4.0;4.0;0.0;0
229;92.53;92.53;92.53;13.82909999999998;0
230;67.12;67.12;67.12;12.165600000000019;1
231;147.07;147.07;147.07;16.20510000000001;0
232;104.46;104.46;104.46;16.428399999999986;0
233;4.0;4.0;4.0;0.0;0
234;74.99;74.99;74.99;13.4899;0
235;74.28;74.28;74.28;126.56159999999998;1
236;104.35;104.35;104.35;6.567500000000002;0
237;75.31;75.31;75.31;72.09390000000003;1
238;115.7;115.7;115.7;8.590000000000005;0
239;63.98;63.98;63.98;18.019600000000015;1
240;68.35;68.35;68.35;4.447500000000006;0
241;66.73;66.73;66.73;11.237099999999977;0
242;85.89;85.89;85.89;5.577899999999992;0
243;122.81;122.81;122.81;42.093900000000005;0
244;93.07;93.07;93.07;216.32510000000025;1
245;93.14;93.14;93.14;71.66039999999998;1
246;101.05;101.05;101.05;3.847500000000007;0
247;139.24;139.24;139.24;16.842400000000012;0
248;140.43;140.43;140.43;5.10510000000001;0
249;91.68;91.68;91.68;192.51759999999996;1
250;111.15;111.15;111.15;44.70750000000001;1
251;140.54;140.54;140.54;60.268400000000014;1
252;116.49;116.49;116.49;202.74990000000005;0
253;165.08;165.08;165.08;8.373599999999994;0
254;107.05;107.05;107.05;4.687500000000003;0
255;106.65;106.65;106.65;9.087499999999988;0
256;62.47;62.47;62.47;10.809099999999994;1
257;132.85;132.85;132.85;97.78750000000004;1
258;139.53;139.53;139.53;16.789100000000005;0
259;102.18;102.18;102.18;15.287599999999996;0
260;68.5;68.5;68.5;3.09;0
261;4.34;4.34;4.34;0.5644000000000005;0
262;99.81;99.81;99.81;8.99390000000001;0
263;143.57;143.57;143.57;12.365099999999993;0
264;104.9;104.9;104.9;14.31000000000001;0
265;117.42;117.42;117.42;14.2036;0
266;158.47;158.47;158.47;16.589099999999984;0
267;108.86;108.86;108.86;31.100399999999997;0
268;106.65;106.65;106.65;18.087499999999967;0
269;3.6;3.6;3.6;1.4400000000000062;0
270;4.0;4.0;4.0;0.0;0
271;123.24;123.24;123.24;9.36239999999997;0
272;88.83;88.83;88.83;15.081100000000008;1
273;104.62;104.62;104.62;42.075599999999994;1
274;80.17;80.17;80.17;30.281100000000055;1
275;125.12;125.12;125.12;5.9056000000000175;0
276;72.71;72.71;72.71;44.465900000000005;1
277;128.74;128.74;128.74;26.59239999999999;0
278;92.7;92.7;92.7;9.209999999999997;0
279;101.84;101.84;101.84;27.75440000000001;1
280;56.49;56.49;56.49;11.349900000000012;1
281;152.77;152.77;152.77;51.13710000000002;0
282;116.66;116.66;116.66;17.484399999999958;1
283;4.0;4.0;4.0;0.0;0
284;135.49;135.49;135.49;101.02990000000003;1
285;116.66;116.66;116.66;2.6243999999999996;0
286;76.76;76.76;76.76;20.62239999999999;0
287;90.36;90.36;90.36;23.210400000000007;1
288;133.83;133.83;133.83;14.161100000000006;0
289;92.86;92.86;92.86;7.960400000000009;0
290;123.48;123.48;123.48;17.10960000000001;0
291;4.0;4.0;4.0;0.0;0
292;111.4;111.4;111.4;7.9;0
293;18.9;18.9;18.9;529.5100000000003;0
294;124.46;124.46;124.46;12.308400000000004;0
295;66.56;66.56;66.56;26.326399999999982;1
296;114.82;114.82;114.82;7.107599999999999;0
297;139.39;139.39;139.39;6.6778999999999975;0
298;126.11;126.11;126.11;7.477900000000003;0
299;123.15;123.15;123.15;23.627499999999984;0
300;98.33;98.33;98.33;4.641100000000002;0
301;92.16;92.16;92.16;7.634400000000004;0
302;112.15;112.15;112.15;194.00749999999996;0
303;117.65;117.65;117.65;6.807499999999998;0
304;121.96;121.96;121.96;15.598399999999998;0
305;74.72;74.72;74.72;9.281599999999989;0
306;132.0;132.0;132.0;14.68;0
307;80.12;80.12;80.12;53.94559999999988;1
308;88.78;88.78;88.78;15.47159999999999;0
309;86.22;86.22;86.22;5.3516000000000075;0
310;118.32;118.32;118.32;100.99759999999999;1
311;103.13;103.13;103.13;9.133099999999986;0
312;69.8;69.8;69.8;8.719999999999992;0
313;165.04;165.04;165.04;3.5183999999999975;0
314;68.63;68.63;68.63;13.973099999999983;0
315;121.96;121.96;121.96;188.0584;1
316;82.9;82.9;82.9;7.370000000000006;1
317;102.57;102.57;102.57;9.245099999999978;0
318;114.18;114.18;114.18;62.94760000000006;1
319;69.62;69.62;69.62;19.015599999999928;1
320;123.59;123.59;123.59;47.74190000000001;0
321;152.91;152.91;152.91;7.041899999999999;0
322;162.89;162.89;162.89;10.937899999999976;0
323;128.14;128.14;128.14;26.46040000000002;0
324;70.6;70.6;70.6;26.699999999999953;1
325;4.0;4.0;4.0;0.0;0
326;105.26;105.26;105.26;321.4323999999999;1
327;142.02;142.02;142.02;48.89960000000005;0
328;137.04;137.04;137.04;15.358400000000032;0
329;137.07;137.07;137.07;181.3251000000001;0
330;76.33;76.33;76.33;61.021099999999954;1
331;3.0;3.0;3.0;0.0;0
332;100.53;100.53;100.53;12.789099999999985;0
333;120.33;120.33;120.33;164.4211;1
334;69.69;69.69;69.69;29.153900000000068;1
335;136.87;136.87;136.87;19.33310000000002;0
336;4.0;4.0;4.0;0.0;0
337;108.36;108.36;108.36;1.790400000000003;0
338;117.07;117.07;117.07;18.84510000000001;0
339;106.6;106.6;106.6;239.0400000000002;1
340;67.05;67.05;67.05;297.68750000000017;0
341;120.71;120.71;120.71;512.5858999999999;1
342;58.76;58.76;58.76;57.16240000000002;1
343;97.35;97.35;97.35;55.6075;1
344;3.0;3.0;3.0;0.0;0
345;124.64;124.64;124.64;19.81039999999998;0
346;84.57;84.57;84.57;8.205100000000002;0
347;62.53;62.53;62.53;105.2091;1
348;119.23;119.23;119.23;27.917099999999998;0
349;120.42;120.42;120.42;31.003600000000013;1
350;107.11;107.11;107.11;142.99789999999987;1
351;98.64;98.64;98.64;18.95039999999999;1
352;106.17;106.17;106.17;17.621100000000006;0
353;129.83;129.83;129.83;23.901100000000017;0
354;99.23;99.23;99.23;5.5371000000000015;0
355;108.95;108.95;108.95;7.567500000000012;0
356;147.7;147.7;147.7;22.129999999999974;0
357;4.0;4.0;4.0;0.0;0
358;122.32;122.32;122.32;11.157599999999997;0
359;60.72;60.72;60.72;20.001600000000007;1
360;62.27;62.27;62.27;15.577099999999986;1
361;117.01;117.01;117.01;184.88989999999995;0
362;123.39;123.39;123.39;8.1779;0
363;74.02;74.02;74.02;35.89960000000001;1
364;124.57;124.57;124.57;13.925100000000008;0
365;118.9;118.9;118.9;2.949999999999996;0
366;99.27;99.27;99.27;115.67710000000014;1
367;122.82;122.82;122.82;203.5075999999998;1
368;115.23;115.23;115.23;70.37710000000004;0
369;75.58;75.58;75.58;5.643600000000007;0
370;102.35;102.35;102.35;9.047499999999983;0
371;127.88;127.88;127.88;18.825600000000016;0
372;113.0;113.0;113.0;6.1;0
373;109.02;109.02;109.02;3.6796000000000024;0
374;123.0;123.0;123.0;4.9;0
375;108.39;108.39;108.39;580.7779000000002;1
376;110.34;110.34;110.34;896.1644000000005;0
377;64.14;64.14;64.14;173.8004;1
378;101.86;101.86;101.86;8.400400000000001;0
379;107.85;107.85;107.85;26.647500000000004;1
380;4.0;4.0;4.0;0.0;0
381;3.0;3.0;3.0;0.0;0
382;85.34;85.34;85.34;98.4644;1
383;4.0;4.0;4.0;0.0;0
384;109.53;109.53;109.53;49.42910000000002;1
385;88.39;88.39;88.39;54.41790000000008;1
386;54.73;54.73;54.73;22.757100000000005;1
387;112.37;112.37;112.37;13.773099999999989;1
388;4.0;4.0;4.0;0.0;0
389;65.69;65.69;65.69;85.67389999999999;1
390;108.79;108.79;108.79;7.6058999999999894;1
391;121.25;121.25;121.25;21.7675;0
392;113.4;113.4;113.4;61.74;1
393;3.0;3.0;3.0;0.0;0
394;6.32;6.32;6.32;56.3976;0
395;143.35;143.35;143.35;27.147499999999983;0
396;74.0;74.0;74.0;11.86;0
397;127.35;127.35;127.35;3.7875000000000054;0
398;104.51;104.51;104.51;10.329900000000013;0
399;4.41;4.41;4.41;2.241899999999999;0
400;161.26;161.26;161.26;105.93239999999996;0
401;4.9;4.9;4.9;1.8900000000000008;0
402;4.0;4.0;4.0;0.0;0
403;111.86;111.86;111.86;19.06039999999999;0
404;99.66;99.66;99.66;41.66440000000005;1
405;168.79;168.79;168.79;30.68590000000004;0
406;137.86;137.86;137.86;1.2604000000000006;0
407;64.82;64.82;64.82;20.107599999999977;0
408;106.75;106.75;106.75;38.3675;0
409;122.33;122.33;122.33;15.641100000000026;0
410;102.48;102.48;102.48;6.549600000000003;0
411;112.55;112.55;112.55;125.18750000000013;1
412;106.52;106.52;106.52;5.5896000000000035;0
413;81.02;81.02;81.02;39.019600000000004;1
414;4.0;4.0;4.0;0.0;0
415;3.33;3.33;3.33;0.8811000000000011;0
416;91.05;91.05;91.05;87.72749999999998;1
417;116.69;116.69;116.69;28.073900000000023;0
418;4.0;4.0;4.0;0.0;0
419;163.19;163.19;163.19;13.153900000000005;0
420;107.42;107.42;107.42;608.4636000000003;0
421;86.64;86.64;86.64;47.3904;1
422;119.49;119.49;119.49;149.2499;1
423;121.7;121.7;121.7;11.489999999999988;0
424;79.39;79.39;79.39;24.357900000000022;0
425;90.52;90.52;90.52;17.209600000000002;0
426;114.85;114.85;114.85;159.62750000000005;1
427;74.05;74.05;74.05;3.6275000000000084;0
428;87.57;87.57;87.57;51.685100000000006;1
429;117.97;117.97;117.97;11.769099999999975;0
430;51.03;51.03;51.03;6.829099999999992;1
431;145.41;145.41;145.41;11.58190000000002;0
432;3.0;3.0;3.0;0.0;0
433;101.18;101.18;101.18;12.687600000000034;0
434;111.75;111.75;111.75;149.5275;1
435;163.48;163.48;163.48;12.509600000000004;0
436;109.29;109.29;109.29;46.94590000000004;0
437;108.06;108.06;108.06;12.236399999999973;0
438;172.4;172.4;172.4;86.18;0
439;131.67;131.67;131.67;81.0811000000001;0
440;197.99;197.99;197.99;10.809899999999983;1
441;117.61;117.61;117.61;10.677900000000013;0
442;4.0;4.0;4.0;0.0;0
443;117.14;117.14;117.14;28.18039999999996;1
444;64.61;64.61;64.61;87.87790000000011;1
445;135.72;135.72;135.72;58.28160000000013;0
446;141.8;141.8;141.8;12.82;0
447;167.89;167.89;167.89;41.01790000000001;1
448;127.25;127.25;127.25;10.3075;0
449;132.55;132.55;132.55;13.427499999999997;0
450;118.18;118.18;118.18;45.3676;1
451;133.47;133.47;133.47;7.489099999999997;0
452;150.09;150.09;150.09;12.4619;0
453;106.16;106.16;106.16;69.17440000000006;0
454;105.47;105.47;105.47;203.26910000000004;1
455;112.56;112.56;112.56;5.666399999999996;0
456;4.0;4.0;4.0;0.0;0
457;70.57;70.57;70.57;355.88509999999997;1
458;119.9;119.9;119.9;25.87;0
459;140.61;140.61;140.61;8.157899999999994;0
460;4.21;4.21;4.21;0.8259;0
461;93.3;93.3;93.3;23.89;0
462;106.61;106.61;106.61;3.797899999999996;0
463;4.9;4.9;4.9;1.8900000000000003;0
464;119.5;119.5;119.5;46.43;0
465;137.08;137.08;137.08;5.553600000000001;0
466;3.48;3.48;3.48;1.2096000000000031;0
467;112.53;112.53;112.53;1.0891000000000013;0
468;103.39;103.39;103.39;25.2179;1
469;148.59;148.59;148.59;20.661900000000013;0
470;102.27;102.27;102.27;12.117099999999988;0
471;3.0;3.0;3.0;0.0;0
472;115.54;115.54;115.54;27.688400000000033;0
473;114.14;114.14;114.14;12.300400000000003;0
474;71.78;71.78;71.78;38.7316;0
475;4.27;4.27;4.27;0.7370999999999998;0
476;4.0;4.0;4.0;0.0;0
477;88.31;88.31;88.31;12.153899999999988;0
478;92.99;92.99;92.99;34.229899999999994;1
479;129.4;129.4;129.4;11.74;0
480;84.42;84.42;84.42;17.68359999999998;0
481;119.1;119.1;119.1;38.20999999999997;1
482;160.14;160.14;160.14;298.7804000000001;0
483;98.94;98.94;98.94;27.956399999999963;0
484;74.88;74.88;74.88;5.505600000000002;0
485;114.95;114.95;114.95;23.367500000000046;0
486;131.53;131.53;131.53;9.629099999999992;0
487;121.6;121.6;121.6;10.159999999999997;0
488;129.03;129.03;129.03;147.48910000000006;1
489;134.12;134.12;134.12;11.145600000000018;0
490;115.81;115.81;115.81;4.333899999999989;0
491;72.05;72.05;72.05;5.047500000000002;0
492;108.79;108.79;108.79;6.125899999999995;0
493;97.75;97.75;97.75;21.4875;0
494;3.75;3.75;3.75;1.6875;0
495;146.32;146.32;146.32;13.0376;1
496;118.77;118.77;118.77;22.277100000000015;1
497;110.85;110.85;110.85;12.547500000000014;0
498;117.15;117.15;117.15;20.067500000000003;0
499;172.35;172.35;172.35;6.927499999999994;0
