Lp;R;G;B;War;m0;m1;m2;m3;m4;m5;m6;m7;Dec
0;135.36;135.36;135.36;4.310400000000001;6375.0;12750.0;12750.0;38250.0;25500.0;38250.0;127500.0;76500.0;76500.0;127500.0;12750.0;0.0;12750.0;0.0;0.0;0.0;0.0;0.00031372549019607844;0.0;0.00031372549019607844;0.0;0.0;0.0;0.0;0
1;116.4;116.4;116.4;23.6;0.0;0.0;0.0;0.0;0.0;0.0;0.0;0.0;0.0;0.0;0.0;0.0;0.0;0.0;0.0;0.0;0.0;0.0;0.0;0.0;0.0;0.0;0.0;0.0;0
2;95.44;95.44;95.44;3.846400000000002;0.0;0.0;0.0;0.0;0.0;0.0;0.0;0.0;0.0;0.0;0.0;0.0;0.0;0.0;0.0;0.0;0.0;0.0;0.0;0.0;0.0;0.0;0.0;0.0;0
3;101.0;101.0;101.0;4.0;0.0;0.0;0.0;0.0;0.0;0.0;0.0;0.0;0.0;0.0;0.0;0.0;0.0;0.0;0.0;0.0;0.0;0.0;0.0;0.0;0.0;0.0;0.0;0.0;0
4;80.2;80.2;80.2;0.1599999999999998;0.0;0.0;0.0;0.0;0.0;0.0;0.0;0.0;0.0;0.0;0.0;0.0;0.0;0.0;0.0;0.0;0.0;0.0;0.0;0.0;0.0;0.0;0.0;0.0;0
5;127.32;127.32;127.32;6.457599999999995;1275.0;2550.0;0.0;7650.0;0.0;0.0;25500.0;0.0;0.0;0.0;2550.0;0.0;0.0;0.0;0.0;0.0;0.0;0.001568627450980392;0.0;0.0;0.0;0.0;0.0;0.0;0
6;72.92;72.92;72.92;23.353600000000007;0.0;0.0;0.0;0.0;0.0;0.0;0.0;0.0;0.0;0.0;0.0;0.0;0.0;0.0;0.0;0.0;0.0;0.0;0.0;0.0;0.0;0.0;0.0;0.0;1
7;76.2;76.2;76.2;27.92;0.0;0.0;0.0;0.0;0.0;0.0;0.0;0.0;0.0;0.0;0.0;0.0;0.0;0.0;0.0;0.0;0.0;0.0;0.0;0.0;0.0;0.0;0.0;0.0;1
8;89.8;89.8;89.8;12.08;0.0;0.0;0.0;0.0;0.0;0.0;0.0;0.0;0.0;0.0;0.0;0.0;0.0;0.0;0.0;0.0;0.0;0.0;0.0;0.0;0.0;0.0;0.0;0.0;0
9;89.08;89.08;89.08;3.9135999999999997;0.0;0.0;0.0;0.0;0.0;0.0;0.0;0.0;0.0;0.0;0.0;0.0;0.0;0.0;0.0;0.0;0.0;0.0;0.0;0.0;0.0;0.0;0.0;0.0;0
10;101.08;101.08;101.08;11.273600000000002;0.0;0.0;0.0;0.0;0.0;0.0;0.0;0.0;0.0;0.0;0.0;0.0;0.0;0.0;0.0;0.0;0.0;0.0;0.0;0.0;0.0;0.0;0.0;0.0;0
11;4.0;4.0;4.0;0.0;0.0;0.0;0.0;0.0;0.0;0.0;0.0;0.0;0.0;0.0;0.0;0.0;0.0;0.0;0.0;0.0;0.0;0.0;0.0;0.0;0.0;0.0;0.0;0.0;0
12;79.04;79.04;79.04;4.358399999999996;0.0;0.0;0.0;0.0;0.0;0.0;0.0;0.0;0.0;0.0;0.0;0.0;0.0;0.0;0.0;0.0;0.0;0.0;0.0;0.0;0.0;0.0;0.0;0.0;0
13;69.44;69.44;69.44;32.24640000000001;0.0;0.0;0.0;0.0;0.0;0.0;0.0;0.0;0.0;0.0;0.0;0.0;0.0;0.0;0.0;0.0;0.0;0.0;0.0;0.0;0.0;0.0;0.0;0.0;1
14;107.04;107.04;107.04;2.918399999999999;0.0;0.0;0.0;0.0;0.0;0.0;0.0;0.0;0.0;0.0;0.0;0.0;0.0;0.0;0.0;0.0;0.0;0.0;0.0;0.0;0.0;0.0;0.0;0.0;0
15;75.2;75.2;75.2;0.1599999999999999;0.0;0.0;0.0;0.0;0.0;0.0;0.0;0.0;0.0;0.0;0.0;0.0;0.0;0.0;0.0;0.0;0.0;0.0;0.0;0.0;0.0;0.0;0.0;0.0;0
16;89.48;89.48;89.48;9.369599999999998;0.0;0.0;0.0;0.0;0.0;0.0;0.0;0.0;0.0;0.0;0.0;0.0;0.0;0.0;0.0;0.0;0.0;0.0;0.0;0.0;0.0;0.0;0.0;0.0;0
17;90.48;90.48;90.48;25.209600000000002;0.0;0.0;0.0;0.0;0.0;0.0;0.0;0.0;0.0;0.0;0.0;0.0;0.0;0.0;0.0;0.0;0.0;0.0;0.0;0.0;0.0;0.0;0.0;0.0;1
18;103.84;103.84;103.84;62.53440000000001;0.0;0.0;0.0;0.0;0.0;0.0;0.0;0.0;0.0;0.0;0.0;0.0;0.0;0.0;0.0;0.0;0.0;0.0;0.0;0.0;0.0;0.0;0.0;0.0;0
19;89.24;89.24;89.24;33.6224;0.0;0.0;0.0;0.0;0.0;0.0;0.0;0.0;0.0;0.0;0.0;0.0;0.0;0.0;0.0;0.0;0.0;0.0;0.0;0.0;0.0;0.0;0.0;0.0;1
20;95.72;95.72;95.72;2.521600000000001;0.0;0.0;0.0;0.0;0.0;0.0;0.0;0.0;0.0;0.0;0.0;0.0;0.0;0.0;0.0;0.0;0.0;0.0;0.0;0.0;0.0;0.0;0.0;0.0;1
21;100.04;100.04;100.04;17.79840000000001;0.0;0.0;0.0;0.0;0.0;0.0;0.0;0.0;0.0;0.0;0.0;0.0;0.0;0.0;0.0;0.0;0.0;0.0;0.0;0.0;0.0;0.0;0.0;0.0;1
22;66.36;66.36;66.36;2.150399999999998;0.0;0.0;0.0;0.0;0.0;0.0;0.0;0.0;0.0;0.0;0.0;0.0;0.0;0.0;0.0;0.0;0.0;0.0;0.0;0.0;0.0;0.0;0.0;0.0;0
23;73.2;73.2;73.2;2.1599999999999993;0.0;0.0;0.0;0.0;0.0;0.0;0.0;0.0;0.0;0.0;0.0;0.0;0.0;0.0;0.0;0.0;0.0;0.0;0.0;0.0;0.0;0.0;0.0;0.0;0
24;111.12;111.12;111.12;9.545599999999997;0.0;0.0;0.0;0.0;0.0;0.0;0.0;0.0;0.0;0.0;0.0;0.0;0.0;0.0;0.0;0.0;0.0;0.0;0.0;0.0;0.0;0.0;0.0;0.0;1
25;89.72;89.72;89.72;1.6416000000000002;0.0;0.0;0.0;0.0;0.0;0.0;0.0;0.0;0.0;0.0;0.0;0.0;0.0;0.0;0.0;0.0;0.0;0.0;0.0;0.0;0.0;0.0;0.0;0.0;0
26;104.68;104.68;104.68;2.2176000000000005;0.0;0.0;0.0;0.0;0.0;0.0;0.0;0.0;0.0;0.0;0.0;0.0;0.0;0.0;0.0;0.0;0.0;0.0;0.0;0.0;0.0;0.0;0.0;0.0;0
27;115.0;115.0;115.0;0.0;0.0;0.0;0.0;0.0;0.0;0.0;0.0;0.0;0.0;0.0;0.0;0.0;0.0;0.0;0.0;0.0;0.0;0.0;0.0;0.0;0.0;0.0;0.0;0.0;0
28;99.32;99.32;99.32;28.617599999999996;0.0;0.0;0.0;0.0;0.0;0.0;0.0;0.0;0.0;0.0;0.0;0.0;0.0;0.0;0.0;0.0;0.0;0.0;0.0;0.0;0.0;0.0;0.0;0.0;1
29;86.84;86.84;86.84;6.614399999999999;0.0;0.0;0.0;0.0;0.0;0.0;0.0;0.0;0.0;0.0;0.0;0.0;0.0;0.0;0.0;0.0;0.0;0.0;0.0;0.0;0.0;0.0;0.0;0.0;0
30;90.56;90.56;90.56;42.64639999999999;0.0;0.0;0.0;0.0;0.0;0.0;0.0;0.0;0.0;0.0;0.0;0.0;0.0;0.0;0.0;0.0;0.0;0.0;0.0;0.0;0.0;0.0;0.0;0.0;1
31;71.4;71.4;71.4;20.960000000000008;0.0;0.0;0.0;0.0;0.0;0.0;0.0;0.0;0.0;0.0;0.0;0.0;0.0;0.0;0.0;0.0;0.0;0.0;0.0;0.0;0.0;0.0;0.0;0.0;1
32;92.36;92.36;92.36;5.0303999999999975;0.0;0.0;0.0;0.0;0.0;0.0;0.0;0.0;0.0;0.0;0.0;0.0;0.0;0.0;0.0;0.0;0.0;0.0;0.0;0.0;0.0;0.0;0.0;0.0;1
33;4.0;4.0;4.0;0.0;0.0;0.0;0.0;0.0;0.0;0.0;0.0;0.0;0.0;0.0;0.0;0.0;0.0;0.0;0.0;0.0;0.0;0.0;0.0;0.0;0.0;0.0;0.0;0.0;0
34;4.0;4.0;4.0;0.0;0.0;0.0;0.0;0.0;0.0;0.0;0.0;0.0;0.0;0.0;0.0;0.0;0.0;0.0;0.0;0.0;0.0;0.0;0.0;0.0;0.0;0.0;0.0;0.0;0
35;64.72;64.72;64.72;15.801599999999992;0.0;0.0;0.0;0.0;0.0;0.0;0.0;0.0;0.0;0.0;0.0;0.0;0.0;0.0;0.0;0.0;0.0;0.0;0.0;0.0;0.0;0.0;0.0;0.0;1
36;62.32;62.32;62.32;39.65760000000002;0.0;0.0;0.0;0.0;0.0;0.0;0.0;0.0;0.0;0.0;0.0;0.0;0.0;0.0;0.0;0.0;0.0;0.0;0.0;0.0;0.0;0.0;0.0;0.0;1
37;141.8;141.8;141.8;3.7599999999999976;6375.0;12750.0;12750.0;38250.0;25500.0;38250.0;127500.0;76500.0;76500.0;127500.0;12750.0;0.0;12750.0;0.0;0.0;0.0;0.0;0.00031372549019607844;0.0;0.00031372549019607844;0.0;0.0;0.0;0.0;0
38;96.12;96.12;96.12;26.185600000000008;0.0;0.0;0.0;0.0;0.0;0.0;0.0;0.0;0.0;0.0;0.0;0.0;0.0;0.0;0.0;0.0;0.0;0.0;0.0;0.0;0.0;0.0;0.0;0.0;1
39;74.6;74.6;74.6;0.6399999999999997;0.0;0.0;0.0;0.0;0.0;0.0;0.0;0.0;0.0;0.0;0.0;0.0;0.0;0.0;0.0;0.0;0.0;0.0;0.0;0.0;0.0;0.0;0.0;0.0;0
40;39.52;39.52;39.52;2.0095999999999994;0.0;0.0;0.0;0.0;0.0;0.0;0.0;0.0;0.0;0.0;0.0;0.0;0.0;0.0;0.0;0.0;0.0;0.0;0.0;0.0;0.0;0.0;0.0;0.0;1
41;114.12;114.12;114.12;8.185599999999996;0.0;0.0;0.0;0.0;0.0;0.0;0.0;0.0;0.0;0.0;0.0;0.0;0.0;0.0;0.0;0.0;0.0;0.0;0.0;0.0;0.0;0.0;0.0;0.0;0
42;66.04;66.04;66.04;68.35840000000002;0.0;0.0;0.0;0.0;0.0;0.0;0.0;0.0;0.0;0.0;0.0;0.0;0.0;0.0;0.0;0.0;0.0;0.0;0.0;0.0;0.0;0.0;0.0;0.0;1
43;91.68;91.68;91.68;41.3376;0.0;0.0;0.0;0.0;0.0;0.0;0.0;0.0;0.0;0.0;0.0;0.0;0.0;0.0;0.0;0.0;0.0;0.0;0.0;0.0;0.0;0.0;0.0;0.0;1
44;147.96;147.96;147.96;3.398399999999998;6375.0;12750.0;12750.0;38250.0;25500.0;38250.0;127500.0;76500.0;76500.0;127500.0;12750.0;0.0;12750.0;0.0;0.0;0.0;0.0;0.00031372549019607844;0.0;0.00031372549019607844;0.0;0.0;0.0;0.0;0
45;75.12;75.12;75.12;4.985599999999997;0.0;0.0;0.0;0.0;0.0;0.0;0.0;0.0;0.0;0.0;0.0;0.0;0.0;0.0;0.0;0.0;0.0;0.0;0.0;0.0;0.0;0.0;0.0;0.0;1
46;104.16;104.16;104.16;20.534399999999994;0.0;0.0;0.0;0.0;0.0;0.0;0.0;0.0;0.0;0.0;0.0;0.0;0.0;0.0;0.0;0.0;0.0;0.0;0.0;0.0;0.0;0.0;0.0;0.0;1
47;99.84;99.84;99.84;48.05440000000001;0.0;0.0;0.0;0.0;0.0;0.0;0.0;0.0;0.0;0.0;0.0;0.0;0.0;0.0;0.0;0.0;0.0;0.0;0.0;0.0;0.0;0.0;0.0;0.0;1
48;4.0;4.0;4.0;0.0;0.0;0.0;0.0;0.0;0.0;0.0;0.0;0.0;0.0;0.0;0.0;0.0;0.0;0.0;0.0;0.0;0.0;0.0;0.0;0.0;0.0;0.0;0.0;0.0;0
49;90.84;90.84;90.84;112.6944;0.0;0.0;0.0;0.0;0.0;0.0;0.0;0.0;0.0;0.0;0.0;0.0;0.0;0.0;0.0;0.0;0.0;0.0;0.0;0.0;0.0;0.0;0.0;0.0;0
50;91.48;91.48;91.48;1.6895999999999998;0.0;0.0;0.0;0.0;0.0;0.0;0.0;0.0;0.0;0.0;0.0;0.0;0.0;0.0;0.0;0.0;0.0;0.0;0.0;0.0;0.0;0.0;0.0;0.0;0
51;114.52;114.52;114.52;1.2095999999999993;0.0;0.0;0.0;0.0;0.0;0.0;0.0;0.0;0.0;0.0;0.0;0.0;0.0;0.0;0.0;0.0;0.0;0.0;0.0;0.0;0.0;0.0;0.0;0.0;1
52;4.0;4.0;4.0;0.0;0.0;0.0;0.0;0.0;0.0;0.0;0.0;0.0;0.0;0.0;0.0;0.0;0.0;0.0;0.0;0.0;0.0;0.0;0.0;0.0;0.0;0.0;0.0;0.0;0
53;3.0;3.0;3.0;0.0;0.0;0.0;0.0;0.0;0.0;0.0;0.0;0.0;0.0;0.0;0.0;0.0;0.0;0.0;0.0;0.0;0.0;0.0;0.0;0.0;0.0;0.0;0.0;0.0;0
54;152.96;152.96;152.96;16.5184;6375.0;12750.0;12750.0;38250.0;25500.0;38250.0;127500.0;76500.0;76500.0;127500.0;12750.0;0.0;12750.0;0.0;0.0;0.0;0.0;0.00031372549019607844;0.0;0.00031372549019607844;0.0;0.0;0.0;0.0;0
55;46.88;46.88;46.88;0.3456000000000005;0.0;0.0;0.0;0.0;0.0;0.0;0.0;0.0;0.0;0.0;0.0;0.0;0.0;0.0;0.0;0.0;0.0;0.0;0.0;0.0;0.0;0.0;0.0;0.0;1
56;111.96;111.96;111.96;8.358399999999996;0.0;0.0;0.0;0.0;0.0;0.0;0.0;0.0;0.0;0.0;0.0;0.0;0.0;0.0;0.0;0.0;0.0;0.0;0.0;0.0;0.0;0.0;0.0;0.0;0
57;100.08;100.08;100.08;3.6736;0.0;0.0;0.0;0.0;0.0;0.0;0.0;0.0;0.0;0.0;0.0;0.0;0.0;0.0;0.0;0.0;0.0;0.0;0.0;0.0;0.0;0.0;0.0;0.0;0
58;107.64;107.64;107.64;2.150399999999997;0.0;0.0;0.0;0.0;0.0;0.0;0.0;0.0;0.0;0.0;0.0;0.0;0.0;0.0;0.0;0.0;0.0;0.0;0.0;0.0;0.0;0.0;0.0;0.0;0
59;4.0;4.0;4.0;0.0;0.0;0.0;0.0;0.0;0.0;0.0;0.0;0.0;0.0;0.0;0.0;0.0;0.0;0.0;0.0;0.0;0.0;0.0;0.0;0.0;0.0;0.0;0.0;0.0;0
60;107.04;107.04;107.04;167.63840000000005;510.0;0.0;1785.0;0.0;0.0;6375.0;0.0;0.0;0.0;23205.0;0.0;0.0;127.5;0.0;0.0;0.0;0.0;0.0;0.0;0.0004901960784313725;0.0;0.0;0.0;0.0;1
61;58.52;58.52;58.52;19.049599999999998;0.0;0.0;0.0;0.0;0.0;0.0;0.0;0.0;0.0;0.0;0.0;0.0;0.0;0.0;0.0;0.0;0.0;0.0;0.0;0.0;0.0;0.0;0.0;0.0;1
62;147.68;147.68;147.68;9.897599999999995;6375.0;12750.0;12750.0;38250.0;25500.0;38250.0;127500.0;76500.0;76500.0;127500.0;12750.0;0.0;12750.0;0.0;0.0;0.0;0.0;0.00031372549019607844;0.0;0.00031372549019607844;0.0;0.0;0.0;0.0;0
63;64.76;64.76;64.76;0.6623999999999998;0.0;0.0;0.0;0.0;0.0;0.0;0.0;0.0;0.0;0.0;0.0;0.0;0.0;0.0;0.0;0.0;0.0;0.0;0.0;0.0;0.0;0.0;0.0;0.0;1
64;66.12;66.12;66.12;7.305599999999998;0.0;0.0;0.0;0.0;0.0;0.0;0.0;0.0;0.0;0.0;0.0;0.0;0.0;0.0;0.0;0.0;0.0;0.0;0.0;0.0;0.0;0.0;0.0;0.0;1
65;106.76;106.76;106.76;10.742400000000002;0.0;0.0;0.0;0.0;0.0;0.0;0.0;0.0;0.0;0.0;0.0;0.0;0.0;0.0;0.0;0.0;0.0;0.0;0.0;0.0;0.0;0.0;0.0;0.0;1
66;77.16;77.16;77.16;98.29440000000002;0.0;0.0;0.0;0.0;0.0;0.0;0.0;0.0;0.0;0.0;0.0;0.0;0.0;0.0;0.0;0.0;0.0;0.0;0.0;0.0;0.0;0.0;0.0;0.0;1
67;99.6;99.6;99.6;64.08;0.0;0.0;0.0;0.0;0.0;0.0;0.0;0.0;0.0;0.0;0.0;0.0;0.0;0.0;0.0;0.0;0.0;0.0;0.0;0.0;0.0;0.0;0.0;0.0;1
68;99.24;99.24;99.24;0.42239999999999983;0.0;0.0;0.0;0.0;0.0;0.0;0.0;0.0;0.0;0.0;0.0;0.0;0.0;0.0;0.0;0.0;0.0;0.0;0.0;0.0;0.0;0.0;0.0;0.0;0
69;71.68;71.68;71.68;50.857600000000005;0.0;0.0;0.0;0.0;0.0;0.0;0.0;0.0;0.0;0.0;0.0;0.0;0.0;0.0;0.0;0.0;0.0;0.0;0.0;0.0;0.0;0.0;0.0;0.0;1
70;64.72;64.72;64.72;5.401600000000001;0.0;0.0;0.0;0.0;0.0;0.0;0.0;0.0;0.0;0.0;0.0;0.0;0.0;0.0;0.0;0.0;0.0;0.0;0.0;0.0;0.0;0.0;0.0;0.0;1
71;108.44;108.44;108.44;37.28639999999998;0.0;0.0;0.0;0.0;0.0;0.0;0.0;0.0;0.0;0.0;0.0;0.0;0.0;0.0;0.0;0.0;0.0;0.0;0.0;0.0;0.0;0.0;0.0;0.0;1
72;95.32;95.32;95.32;6.057599999999995;0.0;0.0;0.0;0.0;0.0;0.0;0.0;0.0;0.0;0.0;0.0;0.0;0.0;0.0;0.0;0.0;0.0;0.0;0.0;0.0;0.0;0.0;0.0;0.0;1
73;78.92;78.92;78.92;6.553599999999999;0.0;0.0;0.0;0.0;0.0;0.0;0.0;0.0;0.0;0.0;0.0;0.0;0.0;0.0;0.0;0.0;0.0;0.0;0.0;0.0;0.0;0.0;0.0;0.0;0
74;122.16;122.16;122.16;7.734399999999999;0.0;0.0;0.0;0.0;0.0;0.0;0.0;0.0;0.0;0.0;0.0;0.0;0.0;0.0;0.0;0.0;0.0;0.0;0.0;0.0;0.0;0.0;0.0;0.0;0
75;151.84;151.84;151.84;5.414399999999999;6375.0;12750.0;12750.0;38250.0;25500.0;38250.0;127500.0;76500.0;76500.0;127500.0;12750.0;0.0;12750.0;0.0;0.0;0.0;0.0;0.00031372549019607844;0.0;0.00031372549019607844;0.0;0.0;0.0;0.0;0
76;109.28;109.28;109.28;25.40159999999999;0.0;0.0;0.0;0.0;0.0;0.0;0.0;0.0;0.0;0.0;0.0;0.0;0.0;0.0;0.0;0.0;0.0;0.0;0.0;0.0;0.0;0.0;0.0;0.0;1
77;68.12;68.12;68.12;105.1456;0.0;0.0;0.0;0.0;0.0;0.0;0.0;0.0;0.0;0.0;0.0;0.0;0.0;0.0;0.0;0.0;0.0;0.0;0.0;0.0;0.0;0.0;0.0;0.0;1
78;84.88;84.88;84.88;0.10559999999999999;0.0;0.0;0.0;0.0;0.0;0.0;0.0;0.0;0.0;0.0;0.0;0.0;0.0;0.0;0.0;0.0;0.0;0.0;0.0;0.0;0.0;0.0;0.0;0.0;0
79;123.96;123.96;123.96;13.558399999999999;1020.0;4080.0;2550.0;16320.0;10200.0;7650.0;65280.0;40800.0;30600.0;25500.0;0.0;0.0;1275.0;0.0;0.0;0.0;0.0;0.0;0.0;0.0012254901960784311;0.0;0.0;0.0;0.0;0
80;99.2;99.2;99.2;2.5599999999999996;0.0;0.0;0.0;0.0;0.0;0.0;0.0;0.0;0.0;0.0;0.0;0.0;0.0;0.0;0.0;0.0;0.0;0.0;0.0;0.0;0.0;0.0;0.0;0.0;0
81;70.36;70.36;70.36;4.0703999999999985;0.0;0.0;0.0;0.0;0.0;0.0;0.0;0.0;0.0;0.0;0.0;0.0;0.0;0.0;0.0;0.0;0.0;0.0;0.0;0.0;0.0;0.0;0.0;0.0;0
82;76.32;76.32;76.32;34.057599999999994;0.0;0.0;0.0;0.0;0.0;0.0;0.0;0.0;0.0;0.0;0.0;0.0;0.0;0.0;0.0;0.0;0.0;0.0;0.0;0.0;0.0;0.0;0.0;0.0;1
83;88.16;88.16;88.16;44.29440000000001;0.0;0.0;0.0;0.0;0.0;0.0;0.0;0.0;0.0;0.0;0.0;0.0;0.0;0.0;0.0;0.0;0.0;0.0;0.0;0.0;0.0;0.0;0.0;0.0;1
84;67.28;67.28;67.28;5.2416;0.0;0.0;0.0;0.0;0.0;0.0;0.0;0.0;0.0;0.0;0.0;0.0;0.0;0.0;0.0;0.0;0.0;0.0;0.0;0.0;0.0;0.0;0.0;0.0;1
85;3.0;3.0;3.0;0.0;0.0;0.0;0.0;0.0;0.0;0.0;0.0;0.0;0.0;0.0;0.0;0.0;0.0;0.0;0.0;0.0;0.0;0.0;0.0;0.0;0.0;0.0;0.0;0.0;0
86;94.6;94.6;94.6;9.839999999999996;0.0;0.0;0.0;0.0;0.0;0.0;0.0;0.0;0.0;0.0;0.0;0.0;0.0;0.0;0.0;0.0;0.0;0.0;0.0;0.0;0.0;0.0;0.0;0.0;0
87;60.72;60.72;60.72;9.081599999999991;0.0;0.0;0.0;0.0;0.0;0.0;0.0;0.0;0.0;0.0;0.0;0.0;0.0;0.0;0.0;0.0;0.0;0.0;0.0;0.0;0.0;0.0;0.0;0.0;1
88;3.0;3.0;3.0;0.0;0.0;0.0;0.0;0.0;0.0;0.0;0.0;0.0;0.0;0.0;0.0;0.0;0.0;0.0;0.0;0.0;0.0;0.0;0.0;0.0;0.0;0.0;0.0;0.0;0
89;83.24;83.24;83.24;13.3824;0.0;0.0;0.0;0.0;0.0;0.0;0.0;0.0;0.0;0.0;0.0;0.0;0.0;0.0;0.0;0.0;0.0;0.0;0.0;0.0;0.0;0.0;0.0;0.0;1
90;148.6;148.6;148.6;0.6399999999999998;6375.0;12750.0;12750.0;38250.0;25500.0;38250.0;127500.0;76500.0;76500.0;127500.0;12750.0;0.0;12750.0;0.0;0.0;0.0;0.0;0.00031372549019607844;0.0;0.00031372549019607844;0.0;0.0;0.0;0.0;0
91;92.44;92.44;92.44;17.766400000000004;0.0;0.0;0.0;0.0;0.0;0.0;0.0;0.0;0.0;0.0;0.0;0.0;0.0;0.0;0.0;0.0;0.0;0.0;0.0;0.0;0.0;0.0;0.0;0.0;1
92;109.24;109.24;109.24;166.6624;765.0;2805.0;255.0;10455.0;1020.0;255.0;39525.0;4080.0;1020.0;255.0;170.0;85.0;170.0;-56.66666666666424;-28.33333333333318;28.333333333333485;56.666666666666686;0.0002904865649963689;0.00014524328249818444;0.0002904865649963689;-3.500854640823801e-06;-1.750427320411966e-06;1.7504273204119848e-06;3.500854640823952e-06;1
93;69.44;69.44;69.44;8.406400000000001;0.0;0.0;0.0;0.0;0.0;0.0;0.0;0.0;0.0;0.0;0.0;0.0;0.0;0.0;0.0;0.0;0.0;0.0;0.0;0.0;0.0;0.0;0.0;0.0;1
94;3.0;3.0;3.0;0.0;0.0;0.0;0.0;0.0;0.0;0.0;0.0;0.0;0.0;0.0;0.0;0.0;0.0;0.0;0.0;0.0;0.0;0.0;0.0;0.0;0.0;0.0;0.0;0.0;0
95;108.6;108.6;108.6;11.68;0.0;0.0;0.0;0.0;0.0;0.0;0.0;0.0;0.0;0.0;0.0;0.0;0.0;0.0;0.0;0.0;0.0;0.0;0.0;0.0;0.0;0.0;0.0;0.0;1
96;86.12;86.12;86.12;9.385599999999997;0.0;0.0;0.0;0.0;0.0;0.0;0.0;0.0;0.0;0.0;0.0;0.0;0.0;0.0;0.0;0.0;0.0;0.0;0.0;0.0;0.0;0.0;0.0;0.0;1
97;40.16;40.16;40.16;0.6144000000000001;0.0;0.0;0.0;0.0;0.0;0.0;0.0;0.0;0.0;0.0;0.0;0.0;0.0;0.0;0.0;0.0;0.0;0.0;0.0;0.0;0.0;0.0;0.0;0.0;1
98;138.88;138.88;138.88;14.265600000000006;6375.0;12750.0;12750.0;38250.0;25500.0;38250.0;127500.0;76500.0;76500.0;127500.0;12750.0;0.0;12750.0;0.0;0.0;0.0;0.0;0.00031372549019607844;0.0;0.00031372549019607844;0.0;0.0;0.0;0.0;0
99;94.16;94.16;94.16;5.814399999999998;0.0;0.0;0.0;0.0;0.0;0.0;0.0;0.0;0.0;0.0;0.0;0.0;0.0;0.0;0.0;0.0;0.0;0.0;0.0;0.0;0.0;0.0;0.0;0.0;0
100;3.0;3.0;3.0;0.0;0.0;0.0;0.0;0.0;0.0;0.0;0.0;0.0;0.0;0.0;0.0;0.0;0.0;0.0;0.0;0.0;0.0;0.0;0.0;0.0;0.0;0.0;0.0;0.0;0
101;4.0;4.0;4.0;0.0;0.0;0.0;0.0;0.0;0.0;0.0;0.0;0.0;0.0;0.0;0.0;0.0;0.0;0.0;0.0;0.0;0.0;0.0;0.0;0.0;0.0;0.0;0.0;0.0;0
102;151.48;151.48;151.48;14.8096;6375.0;12750.0;12750.0;38250.0;25500.0;38250.0;127500.0;76500.0;76500.0;127500.0;12750.0;0.0;12750.0;0.0;0.0;0.0;0.0;0.00031372549019607844;0.0;0.00031372549019607844;0.0;0.0;0.0;0.0;0
103;51.12;51.12;51.12;1.9456000000000024;0.0;0.0;0.0;0.0;0.0;0.0;0.0;0.0;0.0;0.0;0.0;0.0;0.0;0.0;0.0;0.0;0.0;0.0;0.0;0.0;0.0;0.0;0.0;0.0;1
104;77.96;77.96;77.96;6.758399999999997;0.0;0.0;0.0;0.0;0.0;0.0;0.0;0.0;0.0;0.0;0.0;0.0;0.0;0.0;0.0;0.0;0.0;0.0;0.0;0.0;0.0;0.0;0.0;0.0;0
105;61.0;61.0;61.0;31.44;0.0;0.0;0.0;0.0;0.0;0.0;0.0;0.0;0.0;0.0;0.0;0.0;0.0;0.0;0.0;0.0;0.0;0.0;0.0;0.0;0.0;0.0;0.0;0.0;1
106;118.96;118.96;118.96;6.998399999999997;0.0;0.0;0.0;0.0;0.0;0.0;0.0;0.0;0.0;0.0;0.0;0.0;0.0;0.0;0.0;0.0;0.0;0.0;0.0;0.0;0.0;0.0;0.0;0.0;0
107;74.64;74.64;74.64;0.9504000000000002;0.0;0.0;0.0;0.0;0.0;0.0;0.0;0.0;0.0;0.0;0.0;0.0;0.0;0.0;0.0;0.0;0.0;0.0;0.0;0.0;0.0;0.0;0.0;0.0;0
108;110.72;110.72;110.72;0.5215999999999998;0.0;0.0;0.0;0.0;0.0;0.0;0.0;0.0;0.0;0.0;0.0;0.0;0.0;0.0;0.0;0.0;0.0;0.0;0.0;0.0;0.0;0.0;0.0;0.0;0
109;57.88;57.88;57.88;17.7856;0.0;0.0;0.0;0.0;0.0;0.0;0.0;0.0;0.0;0.0;0.0;0.0;0.0;0.0;0.0;0.0;0.0;0.0;0.0;0.0;0.0;0.0;0.0;0.0;0
110;49.96;49.96;49.96;3.3184000000000005;0.0;0.0;0.0;0.0;0.0;0.0;0.0;0.0;0.0;0.0;0.0;0.0;0.0;0.0;0.0;0.0;0.0;0.0;0.0;0.0;0.0;0.0;0.0;0.0;1
111;3.0;3.0;3.0;0.0;0.0;0.0;0.0;0.0;0.0;0.0;0.0;0.0;0.0;0.0;0.0;0.0;0.0;0.0;0.0;0.0;0.0;0.0;0.0;0.0;0.0;0.0;0.0;0.0;0
112;102.36;102.36;102.36;3.9903999999999997;0.0;0.0;0.0;0.0;0.0;0.0;0.0;0.0;0.0;0.0;0.0;0.0;0.0;0.0;0.0;0.0;0.0;0.0;0.0;0.0;0.0;0.0;0.0;0.0;0
113;139.56;139.56;139.56;6.8064000000000044;6375.0;12750.0;12750.0;38250.0;25500.0;38250.0;127500.0;76500.0;76500.0;127500.0;12750.0;0.0;12750.0;0.0;0.0;0.0;0.0;0.00031372549019607844;0.0;0.00031372549019607844;0.0;0.0;0.0;0.0;0
114;80.6;80.6;80.6;15.520000000000007;0.0;0.0;0.0;0.0;0.0;0.0;0.0;0.0;0.0;0.0;0.0;0.0;0.0;0.0;0.0;0.0;0.0;0.0;0.0;0.0;0.0;0.0;0.0;0.0;0
115;127.04;127.04;127.04;19.2384;1530.0;1530.0;5355.0;2550.0;5355.0;19125.0;4590.0;8925.0;19125.0;69615.0;1020.0000000000002;9.094947017729282e-13;382.50000000000364;0.0;-4.547473508864641e-13;-3.581135388230905e-12;-1.4551915228366852e-11;0.0004357298474945534;3.8852351735355125e-19;0.00016339869281045905;0.0;-4.966398919233459e-21;-3.911039148896349e-20;-1.589247654154707e-19;0
116;84.88;84.88;84.88;13.945600000000008;0.0;0.0;0.0;0.0;0.0;0.0;0.0;0.0;0.0;0.0;0.0;0.0;0.0;0.0;0.0;0.0;0.0;0.0;0.0;0.0;0.0;0.0;0.0;0.0;1
117;123.2;123.2;123.2;4.959999999999999;0.0;0.0;0.0;0.0;0.0;0.0;0.0;0.0;0.0;0.0;0.0;0.0;0.0;0.0;0.0;0.0;0.0;0.0;0.0;0.0;0.0;0.0;0.0;0.0;0
118;58.4;58.4;58.4;5.439999999999999;0.0;0.0;0.0;0.0;0.0;0.0;0.0;0.0;0.0;0.0;0.0;0.0;0.0;0.0;0.0;0.0;0.0;0.0;0.0;0.0;0.0;0.0;0.0;0.0;0
119;4.0;4.0;4.0;0.0;0.0;0.0;0.0;0.0;0.0;0.0;0.0;0.0;0.0;0.0;0.0;0.0;0.0;0.0;0.0;0.0;0.0;0.0;0.0;0.0;0.0;0.0;0.0;0.0;0
120;83.76;83.76;83.76;87.86240000000002;0.0;0.0;0.0;0.0;0.0;0.0;0.0;0.0;0.0;0.0;0.0;0.0;0.0;0.0;0.0;0.0;0.0;0.0;0.0;0.0;0.0;0.0;0.0;0.0;1
121;3.0;3.0;3.0;0.0;0.0;0.0;0.0;0.0;0.0;0.0;0.0;0.0;0.0;0.0;0.0;0.0;0.0;0.0;0.0;0.0;0.0;0.0;0.0;0.0;0.0;0.0;0.0;0.0;0
122;75.96;75.96;75.96;52.67839999999999;0.0;0.0;0.0;0.0;0.0;0.0;0.0;0.0;0.0;0.0;0.0;0.0;0.0;0.0;0.0;0.0;0.0;0.0;0.0;0.0;0.0;0.0;0.0;0.0;1
123;78.08;78.08;78.08;2.0736;0.0;0.0;0.0;0.0;0.0;0.0;0.0;0.0;0.0;0.0;0.0;0.0;0.0;0.0;0.0;0.0;0.0;0.0;0.0;0.0;0.0;0.0;0.0;0.0;0
124;83.96;83.96;83.96;1.9584000000000008;0.0;0.0;0.0;0.0;0.0;0.0;0.0;0.0;0.0;0.0;0.0;0.0;0.0;0.0;0.0;0.0;0.0;0.0;0.0;0.0;0.0;0.0;0.0;0.0;0
125;80.0;80.0;80.0;67.52;0.0;0.0;0.0;0.0;0.0;0.0;0.0;0.0;0.0;0.0;0.0;0.0;0.0;0.0;0.0;0.0;0.0;0.0;0.0;0.0;0.0;0.0;0.0;0.0;1
126;4.0;4.0;4.0;0.0;0.0;0.0;0.0;0.0;0.0;0.0;0.0;0.0;0.0;0.0;0.0;0.0;0.0;0.0;0.0;0.0;0.0;0.0;0.0;0.0;0.0;0.0;0.0;0.0;0
127;121.96;121.96;121.96;17.558400000000002;0.0;0.0;0.0;0.0;0.0;0.0;0.0;0.0;0.0;0.0;0.0;0.0;0.0;0.0;0.0;0.0;0.0;0.0;0.0;0.0;0.0;0.0;0.0;0.0;0
128;112.0;112.0;112.0;0.0;0.0;0.0;0.0;0.0;0.0;0.0;0.0;0.0;0.0;0.0;0.0;0.0;0.0;0.0;0.0;0.0;0.0;0.0;0.0;0.0;0.0;0.0;0.0;0.0;0
129;88.16;88.16;88.16;14.6944;0.0;0.0;0.0;0.0;0.0;0.0;0.0;0.0;0.0;0.0;0.0;0.0;0.0;0.0;0.0;0.0;0.0;0.0;0.0;0.0;0.0;0.0;0.0;0.0;1
130;73.52;73.52;73.52;8.5696;0.0;0.0;0.0;0.0;0.0;0.0;0.0;0.0;0.0;0.0;0.0;0.0;0.0;0.0;0.0;0.0;0.0;0.0;0.0;0.0;0.0;0.0;0.0;0.0;1
131;137.16;137.16;137.16;14.934399999999998;6375.0;12750.0;12750.0;38250.0;25500.0;38250.0;127500.0;76500.0;76500.0;127500.0;12750.0;0.0;12750.0;0.0;0.0;0.0;0.0;0.00031372549019607844;0.0;0.00031372549019607844;0.0;0.0;0.0;0.0;1
132;84.88;84.88;84.88;5.3855999999999975;0.0;0.0;0.0;0.0;0.0;0.0;0.0;0.0;0.0;0.0;0.0;0.0;0.0;0.0;0.0;0.0;0.0;0.0;0.0;0.0;0.0;0.0;0.0;0.0;0
133;138.4;138.4;138.4;1.44;6375.0;12750.0;12750.0;38250.0;25500.0;38250.0;127500.0;76500.0;76500.0;127500.0;12750.0;0.0;12750.0;0.0;0.0;0.0;0.0;0.00031372549019607844;0.0;0.00031372549019607844;0.0;0.0;0.0;0.0;0
134;3.0;3.0;3.0;0.0;0.0;0.0;0.0;0.0;0.0;0.0;0.0;0.0;0.0;0.0;0.0;0.0;0.0;0.0;0.0;0.0;0.0;0.0;0.0;0.0;0.0;0.0;0.0;0.0;0
135;76.2;76.2;76.2;45.44000000000001;0.0;0.0;0.0;0.0;0.0;0.0;0.0;0.0;0.0;0.0;0.0;0.0;0.0;0.0;0.0;0.0;0.0;0.0;0.0;0.0;0.0;0.0;0.0;0.0;1
136;138.96;138.96;138.96;7.878399999999998;6375.0;12750.0;12750.0;38250.0;25500.0;38250.0;127500.0;76500.0;76500.0;127500.0;12750.0;0.0;12750.0;0.0;0.0;0.0;0.0;0.00031372549019607844;0.0;0.00031372549019607844;0.0;0.0;0.0;0.0;0
137;4.0;4.0;4.0;0.0;0.0;0.0;0.0;0.0;0.0;0.0;0.0;0.0;0.0;0.0;0.0;0.0;0.0;0.0;0.0;0.0;0.0;0.0;0.0;0.0;0.0;0.0;0.0;0.0;0
138;69.4;69.4;69.4;3.840000000000003;0.0;0.0;0.0;0.0;0.0;0.0;0.0;0.0;0.0;0.0;0.0;0.0;0.0;0.0;0.0;0.0;0.0;0.0;0.0;0.0;0.0;0.0;0.0;0.0;0
139;90.76;90.76;90.76;167.5424;0.0;0.0;0.0;0.0;0.0;0.0;0.0;0.0;0.0;0.0;0.0;0.0;0.0;0.0;0.0;0.0;0.0;0.0;0.0;0.0;0.0;0.0;0.0;0.0;1
140;98.52;98.52;98.52;5.689599999999999;0.0;0.0;0.0;0.0;0.0;0.0;0.0;0.0;0.0;0.0;0.0;0.0;0.0;0.0;0.0;0.0;0.0;0.0;0.0;0.0;0.0;0.0;0.0;0.0;1
141;105.84;105.84;105.84;4.054399999999999;0.0;0.0;0.0;0.0;0.0;0.0;0.0;0.0;0.0;0.0;0.0;0.0;0.0;0.0;0.0;0.0;0.0;0.0;0.0;0.0;0.0;0.0;0.0;0.0;0
142;127.4;127.4;127.4;2.72;1020.0;2550.0;4080.0;7650.0;10200.0;16320.0;25500.0;30600.0;40800.0;65280.0;1275.0;0.0;0.0;0.0;0.0;0.0;0.0;0.0012254901960784311;0.0;0.0;0.0;0.0;0.0;0.0;0
143;4.0;4.0;4.0;0.0;0.0;0.0;0.0;0.0;0.0;0.0;0.0;0.0;0.0;0.0;0.0;0.0;0.0;0.0;0.0;0.0;0.0;0.0;0.0;0.0;0.0;0.0;0.0;0.0;0
144;107.76;107.76;107.76;2.9824;0.0;0.0;0.0;0.0;0.0;0.0;0.0;0.0;0.0;0.0;0.0;0.0;0.0;0.0;0.0;0.0;0.0;0.0;0.0;0.0;0.0;0.0;0.0;0.0;0
145;136.12;136.12;136.12;27.065600000000018;6120.0;11730.0;12750.0;34170.0;25500.0;38250.0;111180.0;76500.0;76500.0;127500.0;11687.5;1062.5000000000036;11687.500000000004;885.4166666666715;1239.5833333333358;-1239.5833333333358;-885.4166666666715;0.00031204611474219314;2.8367828612926745e-05;0.00031204611474219325;3.021823799407989e-07;4.2305533191711696e-07;-4.2305533191711696e-07;-3.021823799407989e-07;0
146;63.68;63.68;63.68;4.537600000000002;0.0;0.0;0.0;0.0;0.0;0.0;0.0;0.0;0.0;0.0;0.0;0.0;0.0;0.0;0.0;0.0;0.0;0.0;0.0;0.0;0.0;0.0;0.0;0.0;1
147;159.0;159.0;159.0;0.0;6375.0;12750.0;12750.0;38250.0;25500.0;38250.0;127500.0;76500.0;76500.0;127500.0;12750.0;0.0;12750.0;0.0;0.0;0.0;0.0;0.00031372549019607844;0.0;0.00031372549019607844;0.0;0.0;0.0;0.0;0
148;59.28;59.28;59.28;3.721600000000001;0.0;0.0;0.0;0.0;0.0;0.0;0.0;0.0;0.0;0.0;0.0;0.0;0.0;0.0;0.0;0.0;0.0;0.0;0.0;0.0;0.0;0.0;0.0;0.0;1
149;105.44;105.44;105.44;93.20640000000002;0.0;0.0;0.0;0.0;0.0;0.0;0.0;0.0;0.0;0.0;0.0;0.0;0.0;0.0;0.0;0.0;0.0;0.0;0.0;0.0;0.0;0.0;0.0;0.0;1
150;85.56;85.56;85.56;4.806400000000002;0.0;0.0;0.0;0.0;0.0;0.0;0.0;0.0;0.0;0.0;0.0;0.0;0.0;0.0;0.0;0.0;0.0;0.0;0.0;0.0;0.0;0.0;0.0;0.0;0
151;136.64;136.64;136.64;3.670400000000001;6375.0;12750.0;12750.0;38250.0;25500.0;38250.0;127500.0;76500.0;76500.0;127500.0;12750.0;0.0;12750.0;0.0;0.0;0.0;0.0;0.00031372549019607844;0.0;0.00031372549019607844;0.0;0.0;0.0;0.0;0
152;62.84;62.84;62.84;9.014399999999998;0.0;0.0;0.0;0.0;0.0;0.0;0.0;0.0;0.0;0.0;0.0;0.0;0.0;0.0;0.0;0.0;0.0;0.0;0.0;0.0;0.0;0.0;0.0;0.0;1
153;91.64;91.64;91.64;39.1104;0.0;0.0;0.0;0.0;0.0;0.0;0.0;0.0;0.0;0.0;0.0;0.0;0.0;0.0;0.0;0.0;0.0;0.0;0.0;0.0;0.0;0.0;0.0;0.0;1
154;100.44;100.44;100.44;7.206400000000005;0.0;0.0;0.0;0.0;0.0;0.0;0.0;0.0;0.0;0.0;0.0;0.0;0.0;0.0;0.0;0.0;0.0;0.0;0.0;0.0;0.0;0.0;0.0;0.0;0
155;4.0;4.0;4.0;0.0;0.0;0.0;0.0;0.0;0.0;0.0;0.0;0.0;0.0;0.0;0.0;0.0;0.0;0.0;0.0;0.0;0.0;0.0;0.0;0.0;0.0;0.0;0.0;0.0;0
156;93.2;93.2;93.2;2.5599999999999996;0.0;0.0;0.0;0.0;0.0;0.0;0.0;0.0;0.0;0.0;0.0;0.0;0.0;0.0;0.0;0.0;0.0;0.0;0.0;0.0;0.0;0.0;0.0;0.0;0
157;118.44;118.44;118.44;7.686400000000005;0.0;0.0;0.0;0.0;0.0;0.0;0.0;0.0;0.0;0.0;0.0;0.0;0.0;0.0;0.0;0.0;0.0;0.0;0.0;0.0;0.0;0.0;0.0;0.0;0
158;54.48;54.48;54.48;25.929599999999997;0.0;0.0;0.0;0.0;0.0;0.0;0.0;0.0;0.0;0.0;0.0;0.0;0.0;0.0;0.0;0.0;0.0;0.0;0.0;0.0;0.0;0.0;0.0;0.0;1
159;93.92;93.92;93.92;117.11360000000003;0.0;0.0;0.0;0.0;0.0;0.0;0.0;0.0;0.0;0.0;0.0;0.0;0.0;0.0;0.0;0.0;0.0;0.0;0.0;0.0;0.0;0.0;0.0;0.0;1
160;99.08;99.08;99.08;35.833600000000004;0.0;0.0;0.0;0.0;0.0;0.0;0.0;0.0;0.0;0.0;0.0;0.0;0.0;0.0;0.0;0.0;0.0;0.0;0.0;0.0;0.0;0.0;0.0;0.0;1
161;116.76;116.76;116.76;16.662399999999998;0.0;0.0;0.0;0.0;0.0;0.0;0.0;0.0;0.0;0.0;0.0;0.0;0.0;0.0;0.0;0.0;0.0;0.0;0.0;0.0;0.0;0.0;0.0;0.0;0
162;72.72;72.72;72.72;7.641599999999992;0.0;0.0;0.0;0.0;0.0;0.0;0.0;0.0;0.0;0.0;0.0;0.0;0.0;0.0;0.0;0.0;0.0;0.0;0.0;0.0;0.0;0.0;0.0;0.0;0
163;71.72;71.72;71.72;23.88159999999999;0.0;0.0;0.0;0.0;0.0;0.0;0.0;0.0;0.0;0.0;0.0;0.0;0.0;0.0;0.0;0.0;0.0;0.0;0.0;0.0;0.0;0.0;0.0;0.0;1
164;113.08;113.08;113.08;1.1135999999999997;0.0;0.0;0.0;0.0;0.0;0.0;0.0;0.0;0.0;0.0;0.0;0.0;0.0;0.0;0.0;0.0;0.0;0.0;0.0;0.0;0.0;0.0;0.0;0.0;0
165;81.0;81.0;81.0;0.0;0.0;0.0;0.0;0.0;0.0;0.0;0.0;0.0;0.0;0.0;0.0;0.0;0.0;0.0;0.0;0.0;0.0;0.0;0.0;0.0;0.0;0.0;0.0;0.0;0
166;72.96;72.96;72.96;70.91840000000002;0.0;0.0;0.0;0.0;0.0;0.0;0.0;0.0;0.0;0.0;0.0;0.0;0.0;0.0;0.0;0.0;0.0;0.0;0.0;0.0;0.0;0.0;0.0;0.0;1
167;62.84;62.84;62.84;3.814399999999999;0.0;0.0;0.0;0.0;0.0;0.0;0.0;0.0;0.0;0.0;0.0;0.0;0.0;0.0;0.0;0.0;0.0;0.0;0.0;0.0;0.0;0.0;0.0;0.0;1
168;79.48;79.48;79.48;0.24960000000000007;0.0;0.0;0.0;0.0;0.0;0.0;0.0;0.0;0.0;0.0;0.0;0.0;0.0;0.0;0.0;0.0;0.0;0.0;0.0;0.0;0.0;0.0;0.0;0.0;0
169;124.56;124.56;124.56;2.0063999999999993;0.0;0.0;0.0;0.0;0.0;0.0;0.0;0.0;0.0;0.0;0.0;0.0;0.0;0.0;0.0;0.0;0.0;0.0;0.0;0.0;0.0;0.0;0.0;0.0;0
170;86.32;86.32;86.32;1.1776000000000002;0.0;0.0;0.0;0.0;0.0;0.0;0.0;0.0;0.0;0.0;0.0;0.0;0.0;0.0;0.0;0.0;0.0;0.0;0.0;0.0;0.0;0.0;0.0;0.0;0
171;91.8;91.8;91.8;12.8;0.0;0.0;0.0;0.0;0.0;0.0;0.0;0.0;0.0;0.0;0.0;0.0;0.0;0.0;0.0;0.0;0.0;0.0;0.0;0.0;0.0;0.0;0.0;0.0;0
172;96.32;96.32;96.32;27.977599999999995;0.0;0.0;0.0;0.0;0.0;0.0;0.0;0.0;0.0;0.0;0.0;0.0;0.0;0.0;0.0;0.0;0.0;0.0;0.0;0.0;0.0;0.0;0.0;0.0;1
173;132.04;132.04;132.04;18.838399999999996;4590.0;12240.0;9945.0;37740.0;25245.0;30345.0;126990.0;76245.0;76245.0;101745.0;5100.0;-1275.0;8797.5;-850.0;1275.0;850.0;-2125.0;0.0002420721374969741;-6.051803437424352e-05;0.0004175744371822803;-5.955074676161914e-07;8.932612014242871e-07;5.955074676161914e-07;-1.4887686690404784e-06;0
174;215.48;215.48;215.48;2.5695999999999994;6375.0;12750.0;12750.0;38250.0;25500.0;38250.0;127500.0;76500.0;76500.0;127500.0;12750.0;0.0;12750.0;0.0;0.0;0.0;0.0;0.00031372549019607844;0.0;0.00031372549019607844;0.0;0.0;0.0;0.0;0
175;109.08;109.08;109.08;6.153600000000001;0.0;0.0;0.0;0.0;0.0;0.0;0.0;0.0;0.0;0.0;0.0;0.0;0.0;0.0;0.0;0.0;0.0;0.0;0.0;0.0;0.0;0.0;0.0;0.0;0
176;3.0;3.0;3.0;0.0;0.0;0.0;0.0;0.0;0.0;0.0;0.0;0.0;0.0;0.0;0.0;0.0;0.0;0.0;0.0;0.0;0.0;0.0;0.0;0.0;0.0;0.0;0.0;0.0;0
177;3.0;3.0;3.0;0.0;0.0;0.0;0.0;0.0;0.0;0.0;0.0;0.0;0.0;0.0;0.0;0.0;0.0;0.0;0.0;0.0;0.0;0.0;0.0;0.0;0.0;0.0;0.0;0.0;0
178;4.0;4.0;4.0;0.0;0.0;0.0;0.0;0.0;0.0;0.0;0.0;0.0;0.0;0.0;0.0;0.0;0.0;0.0;0.0;0.0;0.0;0.0;0.0;0.0;0.0;0.0;0.0;0.0;0
179;112.0;112.0;112.0;0.0;0.0;0.0;0.0;0.0;0.0;0.0;0.0;0.0;0.0;0.0;0.0;0.0;0.0;0.0;0.0;0.0;0.0;0.0;0.0;0.0;0.0;0.0;0.0;0.0;0
180;3.0;3.0;3.0;0.0;0.0;0.0;0.0;0.0;0.0;0.0;0.0;0.0;0.0;0.0;0.0;0.0;0.0;0.0;0.0;0.0;0.0;0.0;0.0;0.0;0.0;0.0;0.0;0.0;0
181;88.52;88.52;88.52;10.409600000000001;0.0;0.0;0.0;0.0;0.0;0.0;0.0;0.0;0.0;0.0;0.0;0.0;0.0;0.0;0.0;0.0;0.0;0.0;0.0;0.0;0.0;0.0;0.0;0.0;0
182;108.52;108.52;108.52;11.929600000000004;0.0;0.0;0.0;0.0;0.0;0.0;0.0;0.0;0.0;0.0;0.0;0.0;0.0;0.0;0.0;0.0;0.0;0.0;0.0;0.0;0.0;0.0;0.0;0.0;0
183;64.16;64.16;64.16;22.4544;0.0;0.0;0.0;0.0;0.0;0.0;0.0;0.0;0.0;0.0;0.0;0.0;0.0;0.0;0.0;0.0;0.0;0.0;0.0;0.0;0.0;0.0;0.0;0.0;1
184;68.08;68.08;68.08;6.073600000000006;0.0;0.0;0.0;0.0;0.0;0.0;0.0;0.0;0.0;0.0;0.0;0.0;0.0;0.0;0.0;0.0;0.0;0.0;0.0;0.0;0.0;0.0;0.0;0.0;1
185;92.72;92.72;92.72;12.361599999999994;0.0;0.0;0.0;0.0;0.0;0.0;0.0;0.0;0.0;0.0;0.0;0.0;0.0;0.0;0.0;0.0;0.0;0.0;0.0;0.0;0.0;0.0;0.0;0.0;1
186;83.44;83.44;83.44;4.646400000000002;0.0;0.0;0.0;0.0;0.0;0.0;0.0;0.0;0.0;0.0;0.0;0.0;0.0;0.0;0.0;0.0;0.0;0.0;0.0;0.0;0.0;0.0;0.0;0.0;0
187;67.48;67.48;67.48;26.3296;0.0;0.0;0.0;0.0;0.0;0.0;0.0;0.0;0.0;0.0;0.0;0.0;0.0;0.0;0.0;0.0;0.0;0.0;0.0;0.0;0.0;0.0;0.0;0.0;1
188;91.8;91.8;91.8;6.16;0.0;0.0;0.0;0.0;0.0;0.0;0.0;0.0;0.0;0.0;0.0;0.0;0.0;0.0;0.0;0.0;0.0;0.0;0.0;0.0;0.0;0.0;0.0;0.0;0
189;131.92;131.92;131.92;49.1936;4335.0;5610.0;7395.0;12240.0;7905.0;20145.0;30090.0;15555.0;18615.0;62475.0;4980.0;-1665.0;7530.0;1360.5882352941153;-1015.5882352941171;-1774.411764705883;2419.411764705881;0.00026500321276485357;-8.860047173764683e-05;0.00040069762893962796;1.099648679036738e-06;-8.208142863627025e-07;-1.4341073239577723e-06;1.9554064059135794e-06;0
190;112.0;112.0;112.0;0.0;0.0;0.0;0.0;0.0;0.0;0.0;0.0;0.0;0.0;0.0;0.0;0.0;0.0;0.0;0.0;0.0;0.0;0.0;0.0;0.0;0.0;0.0;0.0;0.0;0
191;63.36;63.36;63.36;5.6704;0.0;0.0;0.0;0.0;0.0;0.0;0.0;0.0;0.0;0.0;0.0;0.0;0.0;0.0;0.0;0.0;0.0;0.0;0.0;0.0;0.0;0.0;0.0;0.0;1
192;186.04;186.04;186.04;23.798399999999994;6375.0;12750.0;12750.0;38250.0;25500.0;38250.0;127500.0;76500.0;76500.0;127500.0;12750.0;0.0;12750.0;0.0;0.0;0.0;0.0;0.00031372549019607844;0.0;0.00031372549019607844;0.0;0.0;0.0;0.0;1
193;48.8;48.8;48.8;0.15999999999999995;0.0;0.0;0.0;0.0;0.0;0.0;0.0;0.0;0.0;0.0;0.0;0.0;0.0;0.0;0.0;0.0;0.0;0.0;0.0;0.0;0.0;0.0;0.0;0.0;0
194;78.2;78.2;78.2;0.15999999999999992;0.0;0.0;0.0;0.0;0.0;0.0;0.0;0.0;0.0;0.0;0.0;0.0;0.0;0.0;0.0;0.0;0.0;0.0;0.0;0.0;0.0;0.0;0.0;0.0;0
195;4.0;4.0;4.0;0.0;0.0;0.0;0.0;0.0;0.0;0.0;0.0;0.0;0.0;0.0;0.0;0.0;0.0;0.0;0.0;0.0;0.0;0.0;0.0;0.0;0.0;0.0;0.0;0.0;0
196;84.0;84.0;84.0;0.0;0.0;0.0;0.0;0.0;0.0;0.0;0.0;0.0;0.0;0.0;0.0;0.0;0.0;0.0;0.0;0.0;0.0;0.0;0.0;0.0;0.0;0.0;0.0;0.0;0
197;96.24;96.24;96.24;6.342400000000004;0.0;0.0;0.0;0.0;0.0;0.0;0.0;0.0;0.0;0.0;0.0;0.0;0.0;0.0;0.0;0.0;0.0;0.0;0.0;0.0;0.0;0.0;0.0;0.0;1
198;131.0;131.0;131.0;44.24;4335.0;11475.0;6885.0;36465.0;21165.0;19125.0;124695.0;70125.0;60945.0;60435.0;6090.0;2940.0;8190.0;-4071.176470588238;-3354.7058823529387;981.1764705882379;4044.705882352944;0.0003240701939232848;0.00015644767982503404;0.00043581853665545194;-3.290388459841454e-06;-2.711325731321454e-06;7.930021602392076e-07;3.2689945166695334e-06;0
199;67.84;67.84;67.84;16.214399999999998;0.0;0.0;0.0;0.0;0.0;0.0;0.0;0.0;0.0;0.0;0.0;0.0;0.0;0.0;0.0;0.0;0.0;0.0;0.0;0.0;0.0;0.0;0.0;0.0;1
200;135.48;135.48;135.48;19.04959999999999;5865.0;12495.0;12750.0;37995.0;25500.0;38250.0;127245.0;76500.0;76500.0;127500.0;11375.217391304344;-1663.0434782608681;10532.608695652176;-2169.1871455576475;988.1852551984812;2241.4933837429016;-1446.1247637050983;0.00033069198748785275;-4.834678179646967e-05;0.0003061962847109749;-8.234305601936969e-07;3.7511836631046086e-07;8.508782455334865e-07;-5.489537067957979e-07;1
201;95.48;95.48;95.48;20.969600000000003;0.0;0.0;0.0;0.0;0.0;0.0;0.0;0.0;0.0;0.0;0.0;0.0;0.0;0.0;0.0;0.0;0.0;0.0;0.0;0.0;0.0;0.0;0.0;0.0;1
202;72.2;72.2;72.2;106.00000000000003;0.0;0.0;0.0;0.0;0.0;0.0;0.0;0.0;0.0;0.0;0.0;0.0;0.0;0.0;0.0;0.0;0.0;0.0;0.0;0.0;0.0;0.0;0.0;0.0;1
203;97.28;97.28;97.28;0.9216000000000001;0.0;0.0;0.0;0.0;0.0;0.0;0.0;0.0;0.0;0.0;0.0;0.0;0.0;0.0;0.0;0.0;0.0;0.0;0.0;0.0;0.0;0.0;0.0;0.0;0
204;127.0;127.0;127.0;20.24;2295.0;1785.0;2550.0;2805.0;1275.0;5100.0;4845.0;1785.0;1785.0;11730.0;1416.6666666666667;-708.3333333333335;2266.6666666666665;459.62962962962956;-229.81481481481455;-607.5925925925924;1026.2962962962956;0.00026896904166330457;-0.0001344845208316523;0.0004303504666612873;1.8215927649007718e-06;-9.107963824503849e-07;-2.40799591524554e-06;4.067392064093502e-06;1
205;4.0;4.0;4.0;0.0;0.0;0.0;0.0;0.0;0.0;0.0;0.0;0.0;0.0;0.0;0.0;0.0;0.0;0.0;0.0;0.0;0.0;0.0;0.0;0.0;0.0;0.0;0.0;0.0;0
206;91.88;91.88;91.88;20.745600000000003;0.0;0.0;0.0;0.0;0.0;0.0;0.0;0.0;0.0;0.0;0.0;0.0;0.0;0.0;0.0;0.0;0.0;0.0;0.0;0.0;0.0;0.0;0.0;0.0;0
207;4.0;4.0;4.0;0.0;0.0;0.0;0.0;0.0;0.0;0.0;0.0;0.0;0.0;0.0;0.0;0.0;0.0;0.0;0.0;0.0;0.0;0.0;0.0;0.0;0.0;0.0;0.0;0.0;0
208;88.6;88.6;88.6;8.319999999999999;0.0;0.0;0.0;0.0;0.0;0.0;0.0;0.0;0.0;0.0;0.0;0.0;0.0;0.0;0.0;0.0;0.0;0.0;0.0;0.0;0.0;0.0;0.0;0.0;1
209;65.0;65.0;65.0;2.4;0.0;0.0;0.0;0.0;0.0;0.0;0.0;0.0;0.0;0.0;0.0;0.0;0.0;0.0;0.0;0.0;0.0;0.0;0.0;0.0;0.0;0.0;0.0;0.0;0
210;105.48;105.48;105.48;37.36959999999999;0.0;0.0;0.0;0.0;0.0;0.0;0.0;0.0;0.0;0.0;0.0;0.0;0.0;0.0;0.0;0.0;0.0;0.0;0.0;0.0;0.0;0.0;0.0;0.0;0
211;88.04;88.04;88.04;4.5184;0.0;0.0;0.0;0.0;0.0;0.0;0.0;0.0;0.0;0.0;0.0;0.0;0.0;0.0;0.0;0.0;0.0;0.0;0.0;0.0;0.0;0.0;0.0;0.0;0
212;66.12;66.12;66.12;15.065600000000003;0.0;0.0;0.0;0.0;0.0;0.0;0.0;0.0;0.0;0.0;0.0;0.0;0.0;0.0;0.0;0.0;0.0;0.0;0.0;0.0;0.0;0.0;0.0;0.0;1
213;119.72;119.72;119.72;5.561599999999996;0.0;0.0;0.0;0.0;0.0;0.0;0.0;0.0;0.0;0.0;0.0;0.0;0.0;0.0;0.0;0.0;0.0;0.0;0.0;0.0;0.0;0.0;0.0;0.0;0
214;116.84;116.84;116.84;6.0543999999999984;0.0;0.0;0.0;0.0;0.0;0.0;0.0;0.0;0.0;0.0;0.0;0.0;0.0;0.0;0.0;0.0;0.0;0.0;0.0;0.0;0.0;0.0;0.0;0.0;0
215;76.72;76.72;76.72;4.041600000000001;0.0;0.0;0.0;0.0;0.0;0.0;0.0;0.0;0.0;0.0;0.0;0.0;0.0;0.0;0.0;0.0;0.0;0.0;0.0;0.0;0.0;0.0;0.0;0.0;0
216;64.24;64.24;64.24;31.14239999999999;0.0;0.0;0.0;0.0;0.0;0.0;0.0;0.0;0.0;0.0;0.0;0.0;0.0;0.0;0.0;0.0;0.0;0.0;0.0;0.0;0.0;0.0;0.0;0.0;1
217;76.68;76.68;76.68;7.577599999999995;0.0;0.0;0.0;0.0;0.0;0.0;0.0;0.0;0.0;0.0;0.0;0.0;0.0;0.0;0.0;0.0;0.0;0.0;0.0;0.0;0.0;0.0;0.0;0.0;0
218;3.0;3.0;3.0;0.0;0.0;0.0;0.0;0.0;0.0;0.0;0.0;0.0;0.0;0.0;0.0;0.0;0.0;0.0;0.0;0.0;0.0;0.0;0.0;0.0;0.0;0.0;0.0;0.0;0
219;77.16;77.16;77.16;10.2144;0.0;0.0;0.0;0.0;0.0;0.0;0.0;0.0;0.0;0.0;0.0;0.0;0.0;0.0;0.0;0.0;0.0;0.0;0.0;0.0;0.0;0.0;0.0;0.0;1
220;73.76;73.76;73.76;48.82239999999998;0.0;0.0;0.0;0.0;0.0;0.0;0.0;0.0;0.0;0.0;0.0;0.0;0.0;0.0;0.0;0.0;0.0;0.0;0.0;0.0;0.0;0.0;0.0;0.0;0
221;79.8;79.8;79.8;4.800000000000002;0.0;0.0;0.0;0.0;0.0;0.0;0.0;0.0;0.0;0.0;0.0;0.0;0.0;0.0;0.0;0.0;0.0;0.0;0.0;0.0;0.0;0.0;0.0;0.0;0
222;88.24;88.24;88.24;44.7424;0.0;0.0;0.0;0.0;0.0;0.0;0.0;0.0;0.0;0.0;0.0;0.0;0.0;0.0;0.0;0.0;0.0;0.0;0.0;0.0;0.0;0.0;0.0;0.0;1
223;71.08;71.08;71.08;20.873599999999996;0.0;0.0;0.0;0.0;0.0;0.0;0.0;0.0;0.0;0.0;0.0;0.0;0.0;0.0;0.0;0.0;0.0;0.0;0.0;0.0;0.0;0.0;0.0;0.0;1
224;104.32;104.32;104.32;9.017599999999995;0.0;0.0;0.0;0.0;0.0;0.0;0.0;0.0;0.0;0.0;0.0;0.0;0.0;0.0;0.0;0.0;0.0;0.0;0.0;0.0;0.0;0.0;0.0;0.0;0
225;93.8;93.8;93.8;3.3600000000000008;0.0;0.0;0.0;0.0;0.0;0.0;0.0;0.0;0.0;0.0;0.0;0.0;0.0;0.0;0.0;0.0;0.0;0.0;0.0;0.0;0.0;0.0;0.0;0.0;0
226;123.76;123.76;123.76;12.662400000000002;765.0;2295.0;3060.0;7395.0;9180.0;12240.0;25245.0;29580.0;36720.0;48960.0;510.0;1.8189894035458565e-12;1.8189894035458565e-12;0.0;-1.0686562745831907e-11;-5.4569682106375694e-12;-7.275957614183426e-12;0.0008714596949891066;3.10818813882841e-18;3.10818813882841e-18;0.0;-6.602135785270937e-19;-3.3713033797128186e-19;-4.495071172950425e-19;1
227;74.44;74.44;74.44;7.5264000000000015;0.0;0.0;0.0;0.0;0.0;0.0;0.0;0.0;0.0;0.0;0.0;0.0;0.0;0.0;0.0;0.0;0.0;0.0;0.0;0.0;0.0;0.0;0.0;0.0;0
228;145.32;145.32;145.32;6.457599999999996;6375.0;12750.0;12750.0;38250.0;25500.0;38250.0;127500.0;76500.0;76500.0;127500.0;12750.0;0.0;12750.0;0.0;0.0;0.0;0.0;0.00031372549019607844;0.0;0.00031372549019607844;0.0;0.0;0.0;0.0;0
229;101.88;101.88;101.88;6.105599999999997;0.0;0.0;0.0;0.0;0.0;0.0;0.0;0.0;0.0;0.0;0.0;0.0;0.0;0.0;0.0;0.0;0.0;0.0;0.0;0.0;0.0;0.0;0.0;0.0;0
230;4.0;4.0;4.0;0.0;0.0;0.0;0.0;0.0;0.0;0.0;0.0;0.0;0.0;0.0;0.0;0.0;0.0;0.0;0.0;0.0;0.0;0.0;0.0;0.0;0.0;0.0;0.0;0.0;0
231;102.32;102.32;102.32;6.297599999999996;0.0;0.0;0.0;0.0;0.0;0.0;0.0;0.0;0.0;0.0;0.0;0.0;0.0;0.0;0.0;0.0;0.0;0.0;0.0;0.0;0.0;0.0;0.0;0.0;0
232;87.96;87.96;87.96;33.558400000000006;0.0;0.0;0.0;0.0;0.0;0.0;0.0;0.0;0.0;0.0;0.0;0.0;0.0;0.0;0.0;0.0;0.0;0.0;0.0;0.0;0.0;0.0;0.0;0.0;1
233;99.48;99.48;99.48;1.3695999999999993;0.0;0.0;0.0;0.0;0.0;0.0;0.0;0.0;0.0;0.0;0.0;0.0;0.0;0.0;0.0;0.0;0.0;0.0;0.0;0.0;0.0;0.0;0.0;0.0;0
234;99.84;99.84;99.84;4.614399999999998;0.0;0.0;0.0;0.0;0.0;0.0;0.0;0.0;0.0;0.0;0.0;0.0;0.0;0.0;0.0;0.0;0.0;0.0;0.0;0.0;0.0;0.0;0.0;0.0;0
235;98.16;98.16;98.16;195.17439999999996;0.0;0.0;0.0;0.0;0.0;0.0;0.0;0.0;0.0;0.0;0.0;0.0;0.0;0.0;0.0;0.0;0.0;0.0;0.0;0.0;0.0;0.0;0.0;0.0;1
236;70.76;70.76;70.76;10.34240000000001;0.0;0.0;0.0;0.0;0.0;0.0;0.0;0.0;0.0;0.0;0.0;0.0;0.0;0.0;0.0;0.0;0.0;0.0;0.0;0.0;0.0;0.0;0.0;0.0;0
237;4.0;4.0;4.0;0.0;0.0;0.0;0.0;0.0;0.0;0.0;0.0;0.0;0.0;0.0;0.0;0.0;0.0;0.0;0.0;0.0;0.0;0.0;0.0;0.0;0.0;0.0;0.0;0.0;0
238;127.0;127.0;127.0;0.0;0.0;0.0;0.0;0.0;0.0;0.0;0.0;0.0;0.0;0.0;0.0;0.0;0.0;0.0;0.0;0.0;0.0;0.0;0.0;0.0;0.0;0.0;0.0;0.0;0
239;55.32;55.32;55.32;9.897599999999995;0.0;0.0;0.0;0.0;0.0;0.0;0.0;0.0;0.0;0.0;0.0;0.0;0.0;0.0;0.0;0.0;0.0;0.0;0.0;0.0;0.0;0.0;0.0;0.0;1
240;4.0;4.0;4.0;0.0;0.0;0.0;0.0;0.0;0.0;0.0;0.0;0.0;0.0;0.0;0.0;0.0;0.0;0.0;0.0;0.0;0.0;0.0;0.0;0.0;0.0;0.0;0.0;0.0;0
241;128.56;128.56;128.56;11.926400000000003;2550.0;5100.0;8925.0;15300.0;17850.0;31875.0;51000.0;53550.0;63750.0;116025.0;5100.0;0.0;637.5;0.0;0.0;0.0;0.0;0.000784313725490196;0.0;9.80392156862745e-05;0.0;0.0;0.0;0.0;0
242;3.0;3.0;3.0;0.0;0.0;0.0;0.0;0.0;0.0;0.0;0.0;0.0;0.0;0.0;0.0;0.0;0.0;0.0;0.0;0.0;0.0;0.0;0.0;0.0;0.0;0.0;0.0;0.0;0
243;57.96;57.96;57.96;4.758399999999998;0.0;0.0;0.0;0.0;0.0;0.0;0.0;0.0;0.0;0.0;0.0;0.0;0.0;0.0;0.0;0.0;0.0;0.0;0.0;0.0;0.0;0.0;0.0;0.0;0
244;4.0;4.0;4.0;0.0;0.0;0.0;0.0;0.0;0.0;0.0;0.0;0.0;0.0;0.0;0.0;0.0;0.0;0.0;0.0;0.0;0.0;0.0;0.0;0.0;0.0;0.0;0.0;0.0;0
245;68.6;68.6;68.6;6.320000000000003;0.0;0.0;0.0;0.0;0.0;0.0;0.0;0.0;0.0;0.0;0.0;0.0;0.0;0.0;0.0;0.0;0.0;0.0;0.0;0.0;0.0;0.0;0.0;0.0;1
246;95.72;95.72;95.72;1.1616000000000002;0.0;0.0;0.0;0.0;0.0;0.0;0.0;0.0;0.0;0.0;0.0;0.0;0.0;0.0;0.0;0.0;0.0;0.0;0.0;0.0;0.0;0.0;0.0;0.0;1
247;4.0;4.0;4.0;0.0;0.0;0.0;0.0;0.0;0.0;0.0;0.0;0.0;0.0;0.0;0.0;0.0;0.0;0.0;0.0;0.0;0.0;0.0;0.0;0.0;0.0;0.0;0.0;0.0;0
248;137.2;137.2;137.2;395.52;4335.0;7905.0;5355.0;23205.0;8415.0;10965.0;76755.0;23715.0;15045.0;25245.0;8790.0;-1350.0;4350.0;2382.3529411764757;-26.47058823529369;-1614.7058823529405;952.9411764705874;0.00046774663457892825;-7.183822032782174e-05;0.0002314787099452034;1.9254548854728953e-06;-2.1393943171920667e-08;-1.3050305334871813e-06;7.701819541891557e-07;1
249;4.0;4.0;4.0;0.0;0.0;0.0;0.0;0.0;0.0;0.0;0.0;0.0;0.0;0.0;0.0;0.0;0.0;0.0;0.0;0.0;0.0;0.0;0.0;0.0;0.0;0.0;0.0;0.0;0
250;54.16;54.16;54.16;1.8143999999999998;0.0;0.0;0.0;0.0;0.0;0.0;0.0;0.0;0.0;0.0;0.0;0.0;0.0;0.0;0.0;0.0;0.0;0.0;0.0;0.0;0.0;0.0;0.0;0.0;1
251;105.4;105.4;105.4;0.6399999999999997;0.0;0.0;0.0;0.0;0.0;0.0;0.0;0.0;0.0;0.0;0.0;0.0;0.0;0.0;0.0;0.0;0.0;0.0;0.0;0.0;0.0;0.0;0.0;0.0;0
252;71.8;71.8;71.8;5.120000000000003;0.0;0.0;0.0;0.0;0.0;0.0;0.0;0.0;0.0;0.0;0.0;0.0;0.0;0.0;0.0;0.0;0.0;0.0;0.0;0.0;0.0;0.0;0.0;0.0;1
253;4.0;4.0;4.0;0.0;0.0;0.0;0.0;0.0;0.0;0.0;0.0;0.0;0.0;0.0;0.0;0.0;0.0;0.0;0.0;0.0;0.0;0.0;0.0;0.0;0.0;0.0;0.0;0.0;0
254;86.96;86.96;86.96;4.358399999999999;0.0;0.0;0.0;0.0;0.0;0.0;0.0;0.0;0.0;0.0;0.0;0.0;0.0;0.0;0.0;0.0;0.0;0.0;0.0;0.0;0.0;0.0;0.0;0.0;0
255;83.76;83.76;83.76;30.582399999999996;0.0;0.0;0.0;0.0;0.0;0.0;0.0;0.0;0.0;0.0;0.0;0.0;0.0;0.0;0.0;0.0;0.0;0.0;0.0;0.0;0.0;0.0;0.0;0.0;1
256;87.44;87.44;87.44;2.246399999999999;0.0;0.0;0.0;0.0;0.0;0.0;0.0;0.0;0.0;0.0;0.0;0.0;0.0;0.0;0.0;0.0;0.0;0.0;0.0;0.0;0.0;0.0;0.0;0.0;0
257;53.2;53.2;53.2;2.1599999999999993;0.0;0.0;0.0;0.0;0.0;0.0;0.0;0.0;0.0;0.0;0.0;0.0;0.0;0.0;0.0;0.0;0.0;0.0;0.0;0.0;0.0;0.0;0.0;0.0;0
258;70.16;70.16;70.16;1.4143999999999985;0.0;0.0;0.0;0.0;0.0;0.0;0.0;0.0;0.0;0.0;0.0;0.0;0.0;0.0;0.0;0.0;0.0;0.0;0.0;0.0;0.0;0.0;0.0;0.0;1
259;85.08;85.08;85.08;7.353599999999992;0.0;0.0;0.0;0.0;0.0;0.0;0.0;0.0;0.0;0.0;0.0;0.0;0.0;0.0;0.0;0.0;0.0;0.0;0.0;0.0;0.0;0.0;0.0;0.0;1
260;173.36;173.36;173.36;0.7104;6375.0;12750.0;12750.0;38250.0;25500.0;38250.0;127500.0;76500.0;76500.0;127500.0;12750.0;0.0;12750.0;0.0;0.0;0.0;0.0;0.00031372549019607844;0.0;0.00031372549019607844;0.0;0.0;0.0;0.0;1
261;3.0;3.0;3.0;0.0;0.0;0.0;0.0;0.0;0.0;0.0;0.0;0.0;0.0;0.0;0.0;0.0;0.0;0.0;0.0;0.0;0.0;0.0;0.0;0.0;0.0;0.0;0.0;0.0;0
262;172.96;172.96;172.96;0.9984000000000003;6375.0;12750.0;12750.0;38250.0;25500.0;38250.0;127500.0;76500.0;76500.0;127500.0;12750.0;0.0;12750.0;0.0;0.0;0.0;0.0;0.00031372549019607844;0.0;0.00031372549019607844;0.0;0.0;0.0;0.0;0
263;100.92;100.92;100.92;266.87360000000007;510.0;255.0;2040.0;255.0;1020.0;8160.0;255.0;1020.0;4080.0;32640.0;127.5;0.0;0.0;0.0;0.0;0.0;0.0;0.0004901960784313725;0.0;0.0;0.0;0.0;0.0;0.0;1
264;143.88;143.88;143.88;7.2255999999999965;6375.0;12750.0;12750.0;38250.0;25500.0;38250.0;127500.0;76500.0;76500.0;127500.0;12750.0;0.0;12750.0;0.0;0.0;0.0;0.0;0.00031372549019607844;0.0;0.00031372549019607844;0.0;0.0;0.0;0.0;0
265;72.84;72.84;72.84;0.6144000000000001;0.0;0.0;0.0;0.0;0.0;0.0;0.0;0.0;0.0;0.0;0.0;0.0;0.0;0.0;0.0;0.0;0.0;0.0;0.0;0.0;0.0;0.0;0.0;0.0;0
266;40.6;40.6;40.6;3.6799999999999984;0.0;0.0;0.0;0.0;0.0;0.0;0.0;0.0;0.0;0.0;0.0;0.0;0.0;0.0;0.0;0.0;0.0;0.0;0.0;0.0;0.0;0.0;0.0;0.0;0
267;4.0;4.0;4.0;0.0;0.0;0.0;0.0;0.0;0.0;0.0;0.0;0.0;0.0;0.0;0.0;0.0;0.0;0.0;0.0;0.0;0.0;0.0;0.0;0.0;0.0;0.0;0.0;0.0;0
268;96.12;96.12;96.12;20.825600000000005;0.0;0.0;0.0;0.0;0.0;0.0;0.0;0.0;0.0;0.0;0.0;0.0;0.0;0.0;0.0;0.0;0.0;0.0;0.0;0.0;0.0;0.0;0.0;0.0;1
269;49.8;49.8;49.8;3.2800000000000007;0.0;0.0;0.0;0.0;0.0;0.0;0.0;0.0;0.0;0.0;0.0;0.0;0.0;0.0;0.0;0.0;0.0;0.0;0.0;0.0;0.0;0.0;0.0;0.0;1
270;59.44;59.44;59.44;140.3264000000001;0.0;0.0;0.0;0.0;0.0;0.0;0.0;0.0;0.0;0.0;0.0;0.0;0.0;0.0;0.0;0.0;0.0;0.0;0.0;0.0;0.0;0.0;0.0;0.0;1
271;3.0;3.0;3.0;0.0;0.0;0.0;0.0;0.0;0.0;0.0;0.0;0.0;0.0;0.0;0.0;0.0;0.0;0.0;0.0;0.0;0.0;0.0;0.0;0.0;0.0;0.0;0.0;0.0;0
272;216.44;216.44;216.44;7.126400000000003;6375.0;12750.0;12750.0;38250.0;25500.0;38250.0;127500.0;76500.0;76500.0;127500.0;12750.0;0.0;12750.0;0.0;0.0;0.0;0.0;0.00031372549019607844;0.0;0.00031372549019607844;0.0;0.0;0.0;0.0;1
273;135.8;135.8;135.8;5.359999999999998;6375.0;12750.0;12750.0;38250.0;25500.0;38250.0;127500.0;76500.0;76500.0;127500.0;12750.0;0.0;12750.0;0.0;0.0;0.0;0.0;0.00031372549019607844;0.0;0.00031372549019607844;0.0;0.0;0.0;0.0;0
274;128.16;128.16;128.16;12.3744;2295.0;1020.0;5100.0;1020.0;2550.0;15300.0;1020.0;2550.0;7650.0;51000.0;566.6666666666667;283.33333333333303;3966.666666666666;62.96296296296293;31.481481481481524;-409.2592592592582;-629.6296296296277;0.00010758761666532183;5.3793808332660855e-05;0.0007531133166572526;2.4953325546585906e-07;1.2476662773292977e-07;-1.6219661605280805e-06;-2.4953325546585844e-06;0
275;42.36;42.36;42.36;1.4303999999999997;0.0;0.0;0.0;0.0;0.0;0.0;0.0;0.0;0.0;0.0;0.0;0.0;0.0;0.0;0.0;0.0;0.0;0.0;0.0;0.0;0.0;0.0;0.0;0.0;1
276;141.24;141.24;141.24;41.462399999999995;6120.0;11985.0;11730.0;35955.0;22440.0;34170.0;120615.0;67320.0;64260.0;111180.0;12484.375;-531.25;11687.5;1305.989583333343;486.9791666666715;-619.7916666666606;885.4166666666715;0.00033332198620188814;-1.4183914306463323e-05;0.00031204611474219314;4.457190104126792e-07;1.6620030896744013e-07;-2.11527665958556e-07;3.021823799407989e-07;0
277;155.32;155.32;155.32;46.6976;6375.0;12750.0;12750.0;38250.0;25500.0;38250.0;127500.0;76500.0;76500.0;127500.0;12750.0;0.0;12750.0;0.0;0.0;0.0;0.0;0.00031372549019607844;0.0;0.00031372549019607844;0.0;0.0;0.0;0.0;0
278;55.64;55.64;55.64;4.630399999999997;0.0;0.0;0.0;0.0;0.0;0.0;0.0;0.0;0.0;0.0;0.0;0.0;0.0;0.0;0.0;0.0;0.0;0.0;0.0;0.0;0.0;0.0;0.0;0.0;1
279;97.16;97.16;97.16;5.654399999999998;0.0;0.0;0.0;0.0;0.0;0.0;0.0;0.0;0.0;0.0;0.0;0.0;0.0;0.0;0.0;0.0;0.0;0.0;0.0;0.0;0.0;0.0;0.0;0.0;0
280;114.8;114.8;114.8;0.1599999999999999;0.0;0.0;0.0;0.0;0.0;0.0;0.0;0.0;0.0;0.0;0.0;0.0;0.0;0.0;0.0;0.0;0.0;0.0;0.0;0.0;0.0;0.0;0.0;0.0;0
281;86.96;86.96;86.96;84.27839999999999;0.0;0.0;0.0;0.0;0.0;0.0;0.0;0.0;0.0;0.0;0.0;0.0;0.0;0.0;0.0;0.0;0.0;0.0;0.0;0.0;0.0;0.0;0.0;0.0;1
282;157.96;157.96;157.96;0.7584000000000001;6375.0;12750.0;12750.0;38250.0;25500.0;38250.0;127500.0;76500.0;76500.0;127500.0;12750.0;0.0;12750.0;0.0;0.0;0.0;0.0;0.00031372549019607844;0.0;0.00031372549019607844;0.0;0.0;0.0;0.0;0
283;95.0;95.0;95.0;0.0;0.0;0.0;0.0;0.0;0.0;0.0;0.0;0.0;0.0;0.0;0.0;0.0;0.0;0.0;0.0;0.0;0.0;0.0;0.0;0.0;0.0;0.0;0.0;0.0;0
284;154.0;154.0;154.0;0.0;6375.0;12750.0;12750.0;38250.0;25500.0;38250.0;127500.0;76500.0;76500.0;127500.0;12750.0;0.0;12750.0;0.0;0.0;0.0;0.0;0.00031372549019607844;0.0;0.00031372549019607844;0.0;0.0;0.0;0.0;0
285;104.4;104.4;104.4;10.239999999999993;0.0;0.0;0.0;0.0;0.0;0.0;0.0;0.0;0.0;0.0;0.0;0.0;0.0;0.0;0.0;0.0;0.0;0.0;0.0;0.0;0.0;0.0;0.0;0.0;0
286;67.28;67.28;67.28;3.801600000000001;0.0;0.0;0.0;0.0;0.0;0.0;0.0;0.0;0.0;0.0;0.0;0.0;0.0;0.0;0.0;0.0;0.0;0.0;0.0;0.0;0.0;0.0;0.0;0.0;0
287;69.76;69.76;69.76;8.342400000000001;0.0;0.0;0.0;0.0;0.0;0.0;0.0;0.0;0.0;0.0;0.0;0.0;0.0;0.0;0.0;0.0;0.0;0.0;0.0;0.0;0.0;0.0;0.0;0.0;1
288;58.56;58.56;58.56;33.366399999999985;0.0;0.0;0.0;0.0;0.0;0.0;0.0;0.0;0.0;0.0;0.0;0.0;0.0;0.0;0.0;0.0;0.0;0.0;0.0;0.0;0.0;0.0;0.0;0.0;1
289;95.08;95.08;95.08;82.5536;0.0;0.0;0.0;0.0;0.0;0.0;0.0;0.0;0.0;0.0;0.0;0.0;0.0;0.0;0.0;0.0;0.0;0.0;0.0;0.0;0.0;0.0;0.0;0.0;1
290;121.2;121.2;121.2;1.6;0.0;0.0;0.0;0.0;0.0;0.0;0.0;0.0;0.0;0.0;0.0;0.0;0.0;0.0;0.0;0.0;0.0;0.0;0.0;0.0;0.0;0.0;0.0;0.0;0
291;87.24;87.24;87.24;28.902399999999997;0.0;0.0;0.0;0.0;0.0;0.0;0.0;0.0;0.0;0.0;0.0;0.0;0.0;0.0;0.0;0.0;0.0;0.0;0.0;0.0;0.0;0.0;0.0;0.0;1
292;80.8;80.8;80.8;2.1599999999999993;0.0;0.0;0.0;0.0;0.0;0.0;0.0;0.0;0.0;0.0;0.0;0.0;0.0;0.0;0.0;0.0;0.0;0.0;0.0;0.0;0.0;0.0;0.0;0.0;1
293;4.0;4.0;4.0;0.0;0.0;0.0;0.0;0.0;0.0;0.0;0.0;0.0;0.0;0.0;0.0;0.0;0.0;0.0;0.0;0.0;0.0;0.0;0.0;0.0;0.0;0.0;0.0;0.0;0
294;117.48;117.48;117.48;313.3696;1785.0;5355.0;6120.0;18105.0;17595.0;21930.0;65025.0;57885.0;60945.0;81090.0;2040.0;-765.0;947.1428571428587;-1530.0;400.71428571428623;400.71428571428623;-593.2653061224555;0.0006402561024409762;-0.0002400960384153661;0.0002972617618475966;-1.1365691916714305e-05;2.976728835329941e-06;2.976728835329941e-06;-4.407105028930085e-06;1
295;104.4;104.4;104.4;3.8400000000000016;0.0;0.0;0.0;0.0;0.0;0.0;0.0;0.0;0.0;0.0;0.0;0.0;0.0;0.0;0.0;0.0;0.0;0.0;0.0;0.0;0.0;0.0;0.0;0.0;0
296;120.48;120.48;120.48;4.5695999999999986;0.0;0.0;0.0;0.0;0.0;0.0;0.0;0.0;0.0;0.0;0.0;0.0;0.0;0.0;0.0;0.0;0.0;0.0;0.0;0.0;0.0;0.0;0.0;0.0;0
297;97.0;97.0;97.0;0.0;0.0;0.0;0.0;0.0;0.0;0.0;0.0;0.0;0.0;0.0;0.0;0.0;0.0;0.0;0.0;0.0;0.0;0.0;0.0;0.0;0.0;0.0;0.0;0.0;0
298;3.0;3.0;3.0;0.0;0.0;0.0;0.0;0.0;0.0;0.0;0.0;0.0;0.0;0.0;0.0;0.0;0.0;0.0;0.0;0.0;0.0;0.0;0.0;0.0;0.0;0.0;0.0;0.0;0
299;64.44;64.44;64.44;4.886400000000002;0.0;0.0;0.0;0.0;0.0;0.0;0.0;0.0;0.0;0.0;0.0;0.0;0.0;0.0;0.0;0.0;0.0;0.0;0.0;0.0;0.0;0.0;0.0;0.0;1
300;116.56;116.56;116.56;2.0063999999999993;0.0;0.0;0.0;0.0;0.0;0.0;0.0;0.0;0.0;0.0;0.0;0.0;0.0;0.0;0.0;0.0;0.0;0.0;0.0;0.0;0.0;0.0;0.0;0.0;0
301;92.6;92.6;92.6;2.880000000000001;0.0;0.0;0.0;0.0;0.0;0.0;0.0;0.0;0.0;0.0;0.0;0.0;0.0;0.0;0.0;0.0;0.0;0.0;0.0;0.0;0.0;0.0;0.0;0.0;0
302;99.32;99.32;99.32;30.217599999999997;0.0;0.0;0.0;0.0;0.0;0.0;0.0;0.0;0.0;0.0;0.0;0.0;0.0;0.0;0.0;0.0;0.0;0.0;0.0;0.0;0.0;0.0;0.0;0.0;1
303;111.32;111.32;111.32;5.6575999999999995;0.0;0.0;0.0;0.0;0.0;0.0;0.0;0.0;0.0;0.0;0.0;0.0;0.0;0.0;0.0;0.0;0.0;0.0;0.0;0.0;0.0;0.0;0.0;0.0;0
304;118.4;118.4;118.4;57.91999999999997;0.0;0.0;0.0;0.0;0.0;0.0;0.0;0.0;0.0;0.0;0.0;0.0;0.0;0.0;0.0;0.0;0.0;0.0;0.0;0.0;0.0;0.0;0.0;0.0;0
305;94.36;94.36;94.36;22.470399999999998;0.0;0.0;0.0;0.0;0.0;0.0;0.0;0.0;0.0;0.0;0.0;0.0;0.0;0.0;0.0;0.0;0.0;0.0;0.0;0.0;0.0;0.0;0.0;0.0;1
306;3.0;3.0;3.0;0.0;0.0;0.0;0.0;0.0;0.0;0.0;0.0;0.0;0.0;0.0;0.0;0.0;0.0;0.0;0.0;0.0;0.0;0.0;0.0;0.0;0.0;0.0;0.0;0.0;0
307;79.96;79.96;79.96;22.198400000000003;0.0;0.0;0.0;0.0;0.0;0.0;0.0;0.0;0.0;0.0;0.0;0.0;0.0;0.0;0.0;0.0;0.0;0.0;0.0;0.0;0.0;0.0;0.0;0.0;1
308;133.72;133.72;133.72;4.361600000000002;6375.0;12750.0;12750.0;38250.0;25500.0;38250.0;127500.0;76500.0;76500.0;127500.0;12750.0;0.0;12750.0;0.0;0.0;0.0;0.0;0.00031372549019607844;0.0;0.00031372549019607844;0.0;0.0;0.0;0.0;1
309;131.6;131.6;131.6;0.6399999999999998;6375.0;12750.0;12750.0;38250.0;25500.0;38250.0;127500.0;76500.0;76500.0;127500.0;12750.0;0.0;12750.0;0.0;0.0;0.0;0.0;0.00031372549019607844;0.0;0.00031372549019607844;0.0;0.0;0.0;0.0;0
310;94.08;94.08;94.08;13.1936;0.0;0.0;0.0;0.0;0.0;0.0;0.0;0.0;0.0;0.0;0.0;0.0;0.0;0.0;0.0;0.0;0.0;0.0;0.0;0.0;0.0;0.0;0.0;0.0;0
311;65.6;65.6;65.6;22.640000000000008;0.0;0.0;0.0;0.0;0.0;0.0;0.0;0.0;0.0;0.0;0.0;0.0;0.0;0.0;0.0;0.0;0.0;0.0;0.0;0.0;0.0;0.0;0.0;0.0;0
312;71.72;71.72;71.72;173.08159999999998;0.0;0.0;0.0;0.0;0.0;0.0;0.0;0.0;0.0;0.0;0.0;0.0;0.0;0.0;0.0;0.0;0.0;0.0;0.0;0.0;0.0;0.0;0.0;0.0;1
313;92.0;92.0;92.0;23.6;0.0;0.0;0.0;0.0;0.0;0.0;0.0;0.0;0.0;0.0;0.0;0.0;0.0;0.0;0.0;0.0;0.0;0.0;0.0;0.0;0.0;0.0;0.0;0.0;1
314;80.08;80.08;80.08;49.99359999999999;0.0;0.0;0.0;0.0;0.0;0.0;0.0;0.0;0.0;0.0;0.0;0.0;0.0;0.0;0.0;0.0;0.0;0.0;0.0;0.0;0.0;0.0;0.0;0.0;1
315;4.0;4.0;4.0;0.0;0.0;0.0;0.0;0.0;0.0;0.0;0.0;0.0;0.0;0.0;0.0;0.0;0.0;0.0;0.0;0.0;0.0;0.0;0.0;0.0;0.0;0.0;0.0;0.0;0
316;102.28;102.28;102.28;17.081599999999995;0.0;0.0;0.0;0.0;0.0;0.0;0.0;0.0;0.0;0.0;0.0;0.0;0.0;0.0;0.0;0.0;0.0;0.0;0.0;0.0;0.0;0.0;0.0;0.0;0
317;170.56;170.56;170.56;3.9264;6375.0;12750.0;12750.0;38250.0;25500.0;38250.0;127500.0;76500.0;76500.0;127500.0;12750.0;0.0;12750.0;0.0;0.0;0.0;0.0;0.00031372549019607844;0.0;0.00031372549019607844;0.0;0.0;0.0;0.0;0
318;76.64;76.64;76.64;13.830399999999997;0.0;0.0;0.0;0.0;0.0;0.0;0.0;0.0;0.0;0.0;0.0;0.0;0.0;0.0;0.0;0.0;0.0;0.0;0.0;0.0;0.0;0.0;0.0;0.0;1
319;4.0;4.0;4.0;0.0;0.0;0.0;0.0;0.0;0.0;0.0;0.0;0.0;0.0;0.0;0.0;0.0;0.0;0.0;0.0;0.0;0.0;0.0;0.0;0.0;0.0;0.0;0.0;0.0;0
320;3.0;3.0;3.0;0.0;0.0;0.0;0.0;0.0;0.0;0.0;0.0;0.0;0.0;0.0;0.0;0.0;0.0;0.0;0.0;0.0;0.0;0.0;0.0;0.0;0.0;0.0;0.0;0.0;0
321;80.12;80.12;80.12;92.26559999999998;0.0;0.0;0.0;0.0;0.0;0.0;0.0;0.0;0.0;0.0;0.0;0.0;0.0;0.0;0.0;0.0;0.0;0.0;0.0;0.0;0.0;0.0;0.0;0.0;1
322;211.04;211.04;211.04;7.398399999999999;6375.0;12750.0;12750.0;38250.0;25500.0;38250.0;127500.0;76500.0;76500.0;127500.0;12750.0;0.0;12750.0;0.0;0.0;0.0;0.0;0.00031372549019607844;0.0;0.00031372549019607844;0.0;0.0;0.0;0.0;0
323;160.44;160.44;160.44;0.32640000000000025;6375.0;12750.0;12750.0;38250.0;25500.0;38250.0;127500.0;76500.0;76500.0;127500.0;12750.0;0.0;12750.0;0.0;0.0;0.0;0.0;0.00031372549019607844;0.0;0.00031372549019607844;0.0;0.0;0.0;0.0;1
324;129.68;129.68;129.68;7.657599999999994;3825.0;4335.0;8670.0;9435.0;11730.0;27030.0;25755.0;29070.0;39270.0;92820.0;4521.999999999999;1903.9999999999982;7377.999999999996;4812.133333333335;3368.2666666666664;4.533333333336486;-1894.9333333333343;0.00030907770515613655;0.00013013798111837318;0.0005042846768336963;5.318131274903035e-06;3.7224413916655236e-06;5.010015331989384e-09;-2.094186408770107e-06;0
325;96.44;96.44;96.44;345.84639999999996;510.0;2040.0;255.0;8160.0;1020.0;255.0;32640.0;4080.0;1020.0;255.0;0.0;0.0;127.5;0.0;0.0;0.0;0.0;0.0;0.0;0.0004901960784313725;0.0;0.0;0.0;0.0;1
326;87.76;87.76;87.76;8.902400000000004;0.0;0.0;0.0;0.0;0.0;0.0;0.0;0.0;0.0;0.0;0.0;0.0;0.0;0.0;0.0;0.0;0.0;0.0;0.0;0.0;0.0;0.0;0.0;0.0;0
327;108.6;108.6;108.6;1.3599999999999997;0.0;0.0;0.0;0.0;0.0;0.0;0.0;0.0;0.0;0.0;0.0;0.0;0.0;0.0;0.0;0.0;0.0;0.0;0.0;0.0;0.0;0.0;0.0;0.0;0
328;96.36;96.36;96.36;13.750399999999997;0.0;0.0;0.0;0.0;0.0;0.0;0.0;0.0;0.0;0.0;0.0;0.0;0.0;0.0;0.0;0.0;0.0;0.0;0.0;0.0;0.0;0.0;0.0;0.0;0
329;58.48;58.48;58.48;12.969599999999998;0.0;0.0;0.0;0.0;0.0;0.0;0.0;0.0;0.0;0.0;0.0;0.0;0.0;0.0;0.0;0.0;0.0;0.0;0.0;0.0;0.0;0.0;0.0;0.0;1
330;119.12;119.12;119.12;0.5856000000000008;0.0;0.0;0.0;0.0;0.0;0.0;0.0;0.0;0.0;0.0;0.0;0.0;0.0;0.0;0.0;0.0;0.0;0.0;0.0;0.0;0.0;0.0;0.0;0.0;0
331;76.84;76.84;76.84;4.294399999999999;0.0;0.0;0.0;0.0;0.0;0.0;0.0;0.0;0.0;0.0;0.0;0.0;0.0;0.0;0.0;0.0;0.0;0.0;0.0;0.0;0.0;0.0;0.0;0.0;0
332;156.0;156.0;156.0;2.4;6375.0;12750.0;12750.0;38250.0;25500.0;38250.0;127500.0;76500.0;76500.0;127500.0;12750.0;0.0;12750.0;0.0;0.0;0.0;0.0;0.00031372549019607844;0.0;0.00031372549019607844;0.0;0.0;0.0;0.0;0
333;99.28;99.28;99.28;2.3616000000000015;0.0;0.0;0.0;0.0;0.0;0.0;0.0;0.0;0.0;0.0;0.0;0.0;0.0;0.0;0.0;0.0;0.0;0.0;0.0;0.0;0.0;0.0;0.0;0.0;0
334;67.4;67.4;67.4;64.48000000000002;0.0;0.0;0.0;0.0;0.0;0.0;0.0;0.0;0.0;0.0;0.0;0.0;0.0;0.0;0.0;0.0;0.0;0.0;0.0;0.0;0.0;0.0;0.0;0.0;1
335;98.76;98.76;98.76;14.422400000000001;0.0;0.0;0.0;0.0;0.0;0.0;0.0;0.0;0.0;0.0;0.0;0.0;0.0;0.0;0.0;0.0;0.0;0.0;0.0;0.0;0.0;0.0;0.0;0.0;1
336;75.16;75.16;75.16;5.414399999999999;0.0;0.0;0.0;0.0;0.0;0.0;0.0;0.0;0.0;0.0;0.0;0.0;0.0;0.0;0.0;0.0;0.0;0.0;0.0;0.0;0.0;0.0;0.0;0.0;0
337;99.56;99.56;99.56;315.4463999999999;510.0;1785.0;0.0;6375.0;0.0;0.0;23205.0;0.0;0.0;0.0;127.5;0.0;0.0;0.0;0.0;0.0;0.0;0.0004901960784313725;0.0;0.0;0.0;0.0;0.0;0.0;1
338;4.0;4.0;4.0;0.0;0.0;0.0;0.0;0.0;0.0;0.0;0.0;0.0;0.0;0.0;0.0;0.0;0.0;0.0;0.0;0.0;0.0;0.0;0.0;0.0;0.0;0.0;0.0;0.0;0
339;84.56;84.56;84.56;21.206400000000002;0.0;0.0;0.0;0.0;0.0;0.0;0.0;0.0;0.0;0.0;0.0;0.0;0.0;0.0;0.0;0.0;0.0;0.0;0.0;0.0;0.0;0.0;0.0;0.0;0
340;114.72;114.72;114.72;2.5216000000000007;0.0;0.0;0.0;0.0;0.0;0.0;0.0;0.0;0.0;0.0;0.0;0.0;0.0;0.0;0.0;0.0;0.0;0.0;0.0;0.0;0.0;0.0;0.0;0.0;0
341;78.8;78.8;78.8;81.28000000000002;0.0;0.0;0.0;0.0;0.0;0.0;0.0;0.0;0.0;0.0;0.0;0.0;0.0;0.0;0.0;0.0;0.0;0.0;0.0;0.0;0.0;0.0;0.0;0.0;1
342;97.76;97.76;97.76;5.222400000000001;0.0;0.0;0.0;0.0;0.0;0.0;0.0;0.0;0.0;0.0;0.0;0.0;0.0;0.0;0.0;0.0;0.0;0.0;0.0;0.0;0.0;0.0;0.0;0.0;0
343;101.24;101.24;101.24;23.22240000000001;0.0;0.0;0.0;0.0;0.0;0.0;0.0;0.0;0.0;0.0;0.0;0.0;0.0;0.0;0.0;0.0;0.0;0.0;0.0;0.0;0.0;0.0;0.0;0.0;1
344;95.68;95.68;95.68;3.8975999999999944;0.0;0.0;0.0;0.0;0.0;0.0;0.0;0.0;0.0;0.0;0.0;0.0;0.0;0.0;0.0;0.0;0.0;0.0;0.0;0.0;0.0;0.0;0.0;0.0;0
345;108.2;108.2;108.2;69.99999999999999;0.0;0.0;0.0;0.0;0.0;0.0;0.0;0.0;0.0;0.0;0.0;0.0;0.0;0.0;0.0;0.0;0.0;0.0;0.0;0.0;0.0;0.0;0.0;0.0;1
346;93.72;93.72;93.72;0.6015999999999999;0.0;0.0;0.0;0.0;0.0;0.0;0.0;0.0;0.0;0.0;0.0;0.0;0.0;0.0;0.0;0.0;0.0;0.0;0.0;0.0;0.0;0.0;0.0;0.0;0
347;88.44;88.44;88.44;13.606400000000002;0.0;0.0;0.0;0.0;0.0;0.0;0.0;0.0;0.0;0.0;0.0;0.0;0.0;0.0;0.0;0.0;0.0;0.0;0.0;0.0;0.0;0.0;0.0;0.0;1
348;103.72;103.72;103.72;92.92160000000001;0.0;0.0;0.0;0.0;0.0;0.0;0.0;0.0;0.0;0.0;0.0;0.0;0.0;0.0;0.0;0.0;0.0;0.0;0.0;0.0;0.0;0.0;0.0;0.0;1
349;112.08;112.08;112.08;14.073599999999999;0.0;0.0;0.0;0.0;0.0;0.0;0.0;0.0;0.0;0.0;0.0;0.0;0.0;0.0;0.0;0.0;0.0;0.0;0.0;0.0;0.0;0.0;0.0;0.0;1
350;52.64;52.64;52.64;6.2303999999999995;0.0;0.0;0.0;0.0;0.0;0.0;0.0;0.0;0.0;0.0;0.0;0.0;0.0;0.0;0.0;0.0;0.0;0.0;0.0;0.0;0.0;0.0;0.0;0.0;1
351;99.0;99.0;99.0;114.56;0.0;0.0;0.0;0.0;0.0;0.0;0.0;0.0;0.0;0.0;0.0;0.0;0.0;0.0;0.0;0.0;0.0;0.0;0.0;0.0;0.0;0.0;0.0;0.0;1
352;100.24;100.24;100.24;1.8624000000000023;0.0;0.0;0.0;0.0;0.0;0.0;0.0;0.0;0.0;0.0;0.0;0.0;0.0;0.0;0.0;0.0;0.0;0.0;0.0;0.0;0.0;0.0;0.0;0.0;0
353;51.68;51.68;51.68;0.6975999999999997;0.0;0.0;0.0;0.0;0.0;0.0;0.0;0.0;0.0;0.0;0.0;0.0;0.0;0.0;0.0;0.0;0.0;0.0;0.0;0.0;0.0;0.0;0.0;0.0;1
354;113.0;113.0;113.0;0.0;0.0;0.0;0.0;0.0;0.0;0.0;0.0;0.0;0.0;0.0;0.0;0.0;0.0;0.0;0.0;0.0;0.0;0.0;0.0;0.0;0.0;0.0;0.0;0.0;0
355;67.96;67.96;67.96;0.0384;0.0;0.0;0.0;0.0;0.0;0.0;0.0;0.0;0.0;0.0;0.0;0.0;0.0;0.0;0.0;0.0;0.0;0.0;0.0;0.0;0.0;0.0;0.0;0.0;0
356;103.72;103.72;103.72;69.48160000000001;0.0;0.0;0.0;0.0;0.0;0.0;0.0;0.0;0.0;0.0;0.0;0.0;0.0;0.0;0.0;0.0;0.0;0.0;0.0;0.0;0.0;0.0;0.0;0.0;1
357;46.16;46.16;46.16;2.454399999999999;0.0;0.0;0.0;0.0;0.0;0.0;0.0;0.0;0.0;0.0;0.0;0.0;0.0;0.0;0.0;0.0;0.0;0.0;0.0;0.0;0.0;0.0;0.0;0.0;1
358;65.88;65.88;65.88;9.145599999999996;0.0;0.0;0.0;0.0;0.0;0.0;0.0;0.0;0.0;0.0;0.0;0.0;0.0;0.0;0.0;0.0;0.0;0.0;0.0;0.0;0.0;0.0;0.0;0.0;0
359;65.76;65.76;65.76;5.222399999999998;0.0;0.0;0.0;0.0;0.0;0.0;0.0;0.0;0.0;0.0;0.0;0.0;0.0;0.0;0.0;0.0;0.0;0.0;0.0;0.0;0.0;0.0;0.0;0.0;0
360;67.84;67.84;67.84;4.454399999999999;0.0;0.0;0.0;0.0;0.0;0.0;0.0;0.0;0.0;0.0;0.0;0.0;0.0;0.0;0.0;0.0;0.0;0.0;0.0;0.0;0.0;0.0;0.0;0.0;0
361;4.0;4.0;4.0;0.0;0.0;0.0;0.0;0.0;0.0;0.0;0.0;0.0;0.0;0.0;0.0;0.0;0.0;0.0;0.0;0.0;0.0;0.0;0.0;0.0;0.0;0.0;0.0;0.0;0
362;73.48;73.48;73.48;1.5295999999999996;0.0;0.0;0.0;0.0;0.0;0.0;0.0;0.0;0.0;0.0;0.0;0.0;0.0;0.0;0.0;0.0;0.0;0.0;0.0;0.0;0.0;0.0;0.0;0.0;0
363;94.2;94.2;94.2;9.519999999999998;0.0;0.0;0.0;0.0;0.0;0.0;0.0;0.0;0.0;0.0;0.0;0.0;0.0;0.0;0.0;0.0;0.0;0.0;0.0;0.0;0.0;0.0;0.0;0.0;0
364;73.6;73.6;73.6;15.360000000000003;0.0;0.0;0.0;0.0;0.0;0.0;0.0;0.0;0.0;0.0;0.0;0.0;0.0;0.0;0.0;0.0;0.0;0.0;0.0;0.0;0.0;0.0;0.0;0.0;1
365;88.44;88.44;88.44;11.366400000000004;0.0;0.0;0.0;0.0;0.0;0.0;0.0;0.0;0.0;0.0;0.0;0.0;0.0;0.0;0.0;0.0;0.0;0.0;0.0;0.0;0.0;0.0;0.0;0.0;1
366;118.64;118.64;118.64;3.590399999999998;0.0;0.0;0.0;0.0;0.0;0.0;0.0;0.0;0.0;0.0;0.0;0.0;0.0;0.0;0.0;0.0;0.0;0.0;0.0;0.0;0.0;0.0;0.0;0.0;1
367;99.48;99.48;99.48;1.6895999999999998;0.0;0.0;0.0;0.0;0.0;0.0;0.0;0.0;0.0;0.0;0.0;0.0;0.0;0.0;0.0;0.0;0.0;0.0;0.0;0.0;0.0;0.0;0.0;0.0;0
368;4.0;4.0;4.0;0.0;0.0;0.0;0.0;0.0;0.0;0.0;0.0;0.0;0.0;0.0;0.0;0.0;0.0;0.0;0.0;0.0;0.0;0.0;0.0;0.0;0.0;0.0;0.0;0.0;0
369;121.0;121.0;121.0;0.0;0.0;0.0;0.0;0.0;0.0;0.0;0.0;0.0;0.0;0.0;0.0;0.0;0.0;0.0;0.0;0.0;0.0;0.0;0.0;0.0;0.0;0.0;0.0;0.0;0
370;88.04;88.04;88.04;1.958400000000001;0.0;0.0;0.0;0.0;0.0;0.0;0.0;0.0;0.0;0.0;0.0;0.0;0.0;0.0;0.0;0.0;0.0;0.0;0.0;0.0;0.0;0.0;0.0;0.0;0
371;73.4;73.4;73.4;4.800000000000003;0.0;0.0;0.0;0.0;0.0;0.0;0.0;0.0;0.0;0.0;0.0;0.0;0.0;0.0;0.0;0.0;0.0;0.0;0.0;0.0;0.0;0.0;0.0;0.0;1
372;85.08;85.08;85.08;46.31360000000001;0.0;0.0;0.0;0.0;0.0;0.0;0.0;0.0;0.0;0.0;0.0;0.0;0.0;0.0;0.0;0.0;0.0;0.0;0.0;0.0;0.0;0.0;0.0;0.0;1
373;99.16;99.16;99.16;8.0544;0.0;0.0;0.0;0.0;0.0;0.0;0.0;0.0;0.0;0.0;0.0;0.0;0.0;0.0;0.0;0.0;0.0;0.0;0.0;0.0;0.0;0.0;0.0;0.0;1
374;102.04;102.04;102.04;7.478399999999997;0.0;0.0;0.0;0.0;0.0;0.0;0.0;0.0;0.0;0.0;0.0;0.0;0.0;0.0;0.0;0.0;0.0;0.0;0.0;0.0;0.0;0.0;0.0;0.0;0
375;4.0;4.0;4.0;0.0;0.0;0.0;0.0;0.0;0.0;0.0;0.0;0.0;0.0;0.0;0.0;0.0;0.0;0.0;0.0;0.0;0.0;0.0;0.0;0.0;0.0;0.0;0.0;0.0;0
376;4.0;4.0;4.0;0.0;0.0;0.0;0.0;0.0;0.0;0.0;0.0;0.0;0.0;0.0;0.0;0.0;0.0;0.0;0.0;0.0;0.0;0.0;0.0;0.0;0.0;0.0;0.0;0.0;0
377;67.68;67.68;67.68;71.25759999999998;0.0;0.0;0.0;0.0;0.0;0.0;0.0;0.0;0.0;0.0;0.0;0.0;0.0;0.0;0.0;0.0;0.0;0.0;0.0;0.0;0.0;0.0;0.0;0.0;0
378;74.0;74.0;74.0;0.0;0.0;0.0;0.0;0.0;0.0;0.0;0.0;0.0;0.0;0.0;0.0;0.0;0.0;0.0;0.0;0.0;0.0;0.0;0.0;0.0;0.0;0.0;0.0;0.0;1
379;61.8;61.8;61.8;0.9600000000000004;0.0;0.0;0.0;0.0;0.0;0.0;0.0;0.0;0.0;0.0;0.0;0.0;0.0;0.0;0.0;0.0;0.0;0.0;0.0;0.0;0.0;0.0;0.0;0.0;0
380;112.88;112.88;112.88;10.185599999999996;0.0;0.0;0.0;0.0;0.0;0.0;0.0;0.0;0.0;0.0;0.0;0.0;0.0;0.0;0.0;0.0;0.0;0.0;0.0;0.0;0.0;0.0;0.0;0.0;0
381;168.04;168.04;168.04;1.4783999999999984;6375.0;12750.0;12750.0;38250.0;25500.0;38250.0;127500.0;76500.0;76500.0;127500.0;12750.0;0.0;12750.0;0.0;0.0;0.0;0.0;0.00031372549019607844;0.0;0.00031372549019607844;0.0;0.0;0.0;0.0;0
382;147.32;147.32;147.32;7.497599999999995;6375.0;12750.0;12750.0;38250.0;25500.0;38250.0;127500.0;76500.0;76500.0;127500.0;12750.0;0.0;12750.0;0.0;0.0;0.0;0.0;0.00031372549019607844;0.0;0.00031372549019607844;0.0;0.0;0.0;0.0;0
383;4.0;4.0;4.0;0.0;0.0;0.0;0.0;0.0;0.0;0.0;0.0;0.0;0.0;0.0;0.0;0.0;0.0;0.0;0.0;0.0;0.0;0.0;0.0;0.0;0.0;0.0;0.0;0.0;0
384;86.2;86.2;86.2;5.36;0.0;0.0;0.0;0.0;0.0;0.0;0.0;0.0;0.0;0.0;0.0;0.0;0.0;0.0;0.0;0.0;0.0;0.0;0.0;0.0;0.0;0.0;0.0;0.0;0
385;83.6;83.6;83.6;20.40000000000002;0.0;0.0;0.0;0.0;0.0;0.0;0.0;0.0;0.0;0.0;0.0;0.0;0.0;0.0;0.0;0.0;0.0;0.0;0.0;0.0;0.0;0.0;0.0;0.0;0
386;96.52;96.52;96.52;0.24960000000000007;0.0;0.0;0.0;0.0;0.0;0.0;0.0;0.0;0.0;0.0;0.0;0.0;0.0;0.0;0.0;0.0;0.0;0.0;0.0;0.0;0.0;0.0;0.0;0.0;0
387;133.56;133.56;133.56;16.966400000000004;6375.0;12750.0;12750.0;38250.0;25500.0;38250.0;127500.0;76500.0;76500.0;127500.0;12750.0;0.0;12750.0;0.0;0.0;0.0;0.0;0.00031372549019607844;0.0;0.00031372549019607844;0.0;0.0;0.0;0.0;0
388;41.48;41.48;41.48;3.849600000000001;0.0;0.0;0.0;0.0;0.0;0.0;0.0;0.0;0.0;0.0;0.0;0.0;0.0;0.0;0.0;0.0;0.0;0.0;0.0;0.0;0.0;0.0;0.0;0.0;1
389;116.76;116.76;116.76;35.2224;0.0;0.0;0.0;0.0;0.0;0.0;0.0;0.0;0.0;0.0;0.0;0.0;0.0;0.0;0.0;0.0;0.0;0.0;0.0;0.0;0.0;0.0;0.0;0.0;1
390;95.96;95.96;95.96;45.7184;0.0;0.0;0.0;0.0;0.0;0.0;0.0;0.0;0.0;0.0;0.0;0.0;0.0;0.0;0.0;0.0;0.0;0.0;0.0;0.0;0.0;0.0;0.0;0.0;0
391;55.0;55.0;55.0;0.0;0.0;0.0;0.0;0.0;0.0;0.0;0.0;0.0;0.0;0.0;0.0;0.0;0.0;0.0;0.0;0.0;0.0;0.0;0.0;0.0;0.0;0.0;0.0;0.0;0
392;161.08;161.08;161.08;30.633599999999994;6375.0;12750.0;12750.0;38250.0;25500.0;38250.0;127500.0;76500.0;76500.0;127500.0;12750.0;0.0;12750.0;0.0;0.0;0.0;0.0;0.00031372549019607844;0.0;0.00031372549019607844;0.0;0.0;0.0;0.0;0
393;91.52;91.52;91.52;1.6895999999999993;0.0;0.0;0.0;0.0;0.0;0.0;0.0;0.0;0.0;0.0;0.0;0.0;0.0;0.0;0.0;0.0;0.0;0.0;0.0;0.0;0.0;0.0;0.0;0.0;0
394;107.0;107.0;107.0;0.0;0.0;0.0;0.0;0.0;0.0;0.0;0.0;0.0;0.0;0.0;0.0;0.0;0.0;0.0;0.0;0.0;0.0;0.0;0.0;0.0;0.0;0.0;0.0;0.0;0
395;69.52;69.52;69.52;48.8096;0.0;0.0;0.0;0.0;0.0;0.0;0.0;0.0;0.0;0.0;0.0;0.0;0.0;0.0;0.0;0.0;0.0;0.0;0.0;0.0;0.0;0.0;0.0;0.0;1
396;98.56;98.56;98.56;3.6864000000000017;0.0;0.0;0.0;0.0;0.0;0.0;0.0;0.0;0.0;0.0;0.0;0.0;0.0;0.0;0.0;0.0;0.0;0.0;0.0;0.0;0.0;0.0;0.0;0.0;0
397;72.8;72.8;72.8;11.839999999999996;0.0;0.0;0.0;0.0;0.0;0.0;0.0;0.0;0.0;0.0;0.0;0.0;0.0;0.0;0.0;0.0;0.0;0.0;0.0;0.0;0.0;0.0;0.0;0.0;1
398;52.28;52.28;52.28;10.041599999999995;0.0;0.0;0.0;0.0;0.0;0.0;0.0;0.0;0.0;0.0;0.0;0.0;0.0;0.0;0.0;0.0;0.0;0.0;0.0;0.0;0.0;0.0;0.0;0.0;1
399;3.0;3.0;3.0;0.0;0.0;0.0;0.0;0.0;0.0;0.0;0.0;0.0;0.0;0.0;0.0;0.0;0.0;0.0;0.0;0.0;0.0;0.0;0.0;0.0;0.0;0.0;0.0;0.0;0
400;50.0;50.0;50.0;0.0;0.0;0.0;0.0;0.0;0.0;0.0;0.0;0.0;0.0;0.0;0.0;0.0;0.0;0.0;0.0;0.0;0.0;0.0;0.0;0.0;0.0;0.0;0.0;0.0;0
401;4.0;4.0;4.0;0.0;0.0;0.0;0.0;0.0;0.0;0.0;0.0;0.0;0.0;0.0;0.0;0.0;0.0;0.0;0.0;0.0;0.0;0.0;0.0;0.0;0.0;0.0;0.0;0.0;0
402;63.48;63.48;63.48;6.089599999999999;0.0;0.0;0.0;0.0;0.0;0.0;0.0;0.0;0.0;0.0;0.0;0.0;0.0;0.0;0.0;0.0;0.0;0.0;0.0;0.0;0.0;0.0;0.0;0.0;1
403;114.32;114.32;114.32;5.817599999999996;0.0;0.0;0.0;0.0;0.0;0.0;0.0;0.0;0.0;0.0;0.0;0.0;0.0;0.0;0.0;0.0;0.0;0.0;0.0;0.0;0.0;0.0;0.0;0.0;0
404;91.64;91.64;91.64;16.870399999999997;0.0;0.0;0.0;0.0;0.0;0.0;0.0;0.0;0.0;0.0;0.0;0.0;0.0;0.0;0.0;0.0;0.0;0.0;0.0;0.0;0.0;0.0;0.0;0.0;1
405;85.8;85.8;85.8;498.9599999999999;255.0;1020.0;1020.0;4080.0;4080.0;4080.0;16320.0;16320.0;16320.0;16320.0;0.0;0.0;0.0;0.0;0.0;0.0;0.0;0.0;0.0;0.0;0.0;0.0;0.0;0.0;1
406;22.76;22.76;22.76;275.14240000000007;0.0;0.0;0.0;0.0;0.0;0.0;0.0;0.0;0.0;0.0;0.0;0.0;0.0;0.0;0.0;0.0;0.0;0.0;0.0;0.0;0.0;0.0;0.0;0.0;0
407;74.0;74.0;74.0;3.84;0.0;0.0;0.0;0.0;0.0;0.0;0.0;0.0;0.0;0.0;0.0;0.0;0.0;0.0;0.0;0.0;0.0;0.0;0.0;0.0;0.0;0.0;0.0;0.0;0
408;140.92;140.92;140.92;6.8736000000000015;6375.0;12750.0;12750.0;38250.0;25500.0;38250.0;127500.0;76500.0;76500.0;127500.0;12750.0;0.0;12750.0;0.0;0.0;0.0;0.0;0.00031372549019607844;0.0;0.00031372549019607844;0.0;0.0;0.0;0.0;0
409;86.56;86.56;86.56;9.366400000000004;0.0;0.0;0.0;0.0;0.0;0.0;0.0;0.0;0.0;0.0;0.0;0.0;0.0;0.0;0.0;0.0;0.0;0.0;0.0;0.0;0.0;0.0;0.0;0.0;0
410;89.0;89.0;89.0;0.0;0.0;0.0;0.0;0.0;0.0;0.0;0.0;0.0;0.0;0.0;0.0;0.0;0.0;0.0;0.0;0.0;0.0;0.0;0.0;0.0;0.0;0.0;0.0;0.0;0
411;94.48;94.48;94.48;0.7295999999999992;0.0;0.0;0.0;0.0;0.0;0.0;0.0;0.0;0.0;0.0;0.0;0.0;0.0;0.0;0.0;0.0;0.0;0.0;0.0;0.0;0.0;0.0;0.0;0.0;0
412;96.76;96.76;96.76;11.3824;0.0;0.0;0.0;0.0;0.0;0.0;0.0;0.0;0.0;0.0;0.0;0.0;0.0;0.0;0.0;0.0;0.0;0.0;0.0;0.0;0.0;0.0;0.0;0.0;0
413;97.76;97.76;97.76;3.9423999999999992;0.0;0.0;0.0;0.0;0.0;0.0;0.0;0.0;0.0;0.0;0.0;0.0;0.0;0.0;0.0;0.0;0.0;0.0;0.0;0.0;0.0;0.0;0.0;0.0;0
414;3.0;3.0;3.0;0.0;0.0;0.0;0.0;0.0;0.0;0.0;0.0;0.0;0.0;0.0;0.0;0.0;0.0;0.0;0.0;0.0;0.0;0.0;0.0;0.0;0.0;0.0;0.0;0.0;0
415;4.0;4.0;4.0;0.0;0.0;0.0;0.0;0.0;0.0;0.0;0.0;0.0;0.0;0.0;0.0;0.0;0.0;0.0;0.0;0.0;0.0;0.0;0.0;0.0;0.0;0.0;0.0;0.0;0
416;83.56;83.56;83.56;55.526399999999995;0.0;0.0;0.0;0.0;0.0;0.0;0.0;0.0;0.0;0.0;0.0;0.0;0.0;0.0;0.0;0.0;0.0;0.0;0.0;0.0;0.0;0.0;0.0;0.0;1
417;103.72;103.72;103.72;4.441600000000002;0.0;0.0;0.0;0.0;0.0;0.0;0.0;0.0;0.0;0.0;0.0;0.0;0.0;0.0;0.0;0.0;0.0;0.0;0.0;0.0;0.0;0.0;0.0;0.0;0
418;117.28;117.28;117.28;24.681599999999992;0.0;0.0;0.0;0.0;0.0;0.0;0.0;0.0;0.0;0.0;0.0;0.0;0.0;0.0;0.0;0.0;0.0;0.0;0.0;0.0;0.0;0.0;0.0;0.0;0
419;112.04;112.04;112.04;4.518399999999998;0.0;0.0;0.0;0.0;0.0;0.0;0.0;0.0;0.0;0.0;0.0;0.0;0.0;0.0;0.0;0.0;0.0;0.0;0.0;0.0;0.0;0.0;0.0;0.0;0
420;4.0;4.0;4.0;0.0;0.0;0.0;0.0;0.0;0.0;0.0;0.0;0.0;0.0;0.0;0.0;0.0;0.0;0.0;0.0;0.0;0.0;0.0;0.0;0.0;0.0;0.0;0.0;0.0;0
421;85.52;85.52;85.52;5.689599999999999;0.0;0.0;0.0;0.0;0.0;0.0;0.0;0.0;0.0;0.0;0.0;0.0;0.0;0.0;0.0;0.0;0.0;0.0;0.0;0.0;0.0;0.0;0.0;0.0;0
422;121.88;121.88;121.88;20.905600000000018;510.0;2040.0;1785.0;8160.0;7140.0;6375.0;32640.0;28560.0;25500.0;23205.0;0.0;0.0;127.5;0.0;0.0;0.0;0.0;0.0;0.0;0.0004901960784313725;0.0;0.0;0.0;0.0;0
423;152.12;152.12;152.12;6.745599999999996;6375.0;12750.0;12750.0;38250.0;25500.0;38250.0;127500.0;76500.0;76500.0;127500.0;12750.0;0.0;12750.0;0.0;0.0;0.0;0.0;0.00031372549019607844;0.0;0.00031372549019607844;0.0;0.0;0.0;0.0;0
424;158.0;158.0;158.0;0.0;6375.0;12750.0;12750.0;38250.0;25500.0;38250.0;127500.0;76500.0;76500.0;127500.0;12750.0;0.0;12750.0;0.0;0.0;0.0;0.0;0.00031372549019607844;0.0;0.00031372549019607844;0.0;0.0;0.0;0.0;0
425;103.08;103.08;103.08;4.8736;0.0;0.0;0.0;0.0;0.0;0.0;0.0;0.0;0.0;0.0;0.0;0.0;0.0;0.0;0.0;0.0;0.0;0.0;0.0;0.0;0.0;0.0;0.0;0.0;0
426;82.6;82.6;82.6;21.120000000000005;0.0;0.0;0.0;0.0;0.0;0.0;0.0;0.0;0.0;0.0;0.0;0.0;0.0;0.0;0.0;0.0;0.0;0.0;0.0;0.0;0.0;0.0;0.0;0.0;1
427;56.04;56.04;56.04;2.5184000000000015;0.0;0.0;0.0;0.0;0.0;0.0;0.0;0.0;0.0;0.0;0.0;0.0;0.0;0.0;0.0;0.0;0.0;0.0;0.0;0.0;0.0;0.0;0.0;0.0;1
428;3.0;3.0;3.0;0.0;0.0;0.0;0.0;0.0;0.0;0.0;0.0;0.0;0.0;0.0;0.0;0.0;0.0;0.0;0.0;0.0;0.0;0.0;0.0;0.0;0.0;0.0;0.0;0.0;0
429;84.56;84.56;84.56;12.646400000000003;0.0;0.0;0.0;0.0;0.0;0.0;0.0;0.0;0.0;0.0;0.0;0.0;0.0;0.0;0.0;0.0;0.0;0.0;0.0;0.0;0.0;0.0;0.0;0.0;1
430;68.24;68.24;68.24;1.3823999999999996;0.0;0.0;0.0;0.0;0.0;0.0;0.0;0.0;0.0;0.0;0.0;0.0;0.0;0.0;0.0;0.0;0.0;0.0;0.0;0.0;0.0;0.0;0.0;0.0;1
431;131.56;131.56;131.56;2.0063999999999993;5865.0;12495.0;10710.0;37995.0;24480.0;30090.0;127245.0;75480.0;72420.0;94860.0;11375.217391304344;1663.0434782608718;10532.608695652176;-2169.1871455576475;-988.1852551984957;2241.4933837429016;1446.1247637050983;0.00033069198748785275;4.834678179646978e-05;0.0003061962847109749;-8.234305601936969e-07;-3.751183663104664e-07;8.508782455334865e-07;5.489537067957979e-07;0
432;136.0;136.0;136.0;0.0;6375.0;12750.0;12750.0;38250.0;25500.0;38250.0;127500.0;76500.0;76500.0;127500.0;12750.0;0.0;12750.0;0.0;0.0;0.0;0.0;0.00031372549019607844;0.0;0.00031372549019607844;0.0;0.0;0.0;0.0;0
433;84.24;84.24;84.24;17.462400000000002;0.0;0.0;0.0;0.0;0.0;0.0;0.0;0.0;0.0;0.0;0.0;0.0;0.0;0.0;0.0;0.0;0.0;0.0;0.0;0.0;0.0;0.0;0.0;0.0;1
434;82.52;82.52;82.52;180.5696;0.0;0.0;0.0;0.0;0.0;0.0;0.0;0.0;0.0;0.0;0.0;0.0;0.0;0.0;0.0;0.0;0.0;0.0;0.0;0.0;0.0;0.0;0.0;0.0;1
435;98.96;98.96;98.96;10.598399999999998;0.0;0.0;0.0;0.0;0.0;0.0;0.0;0.0;0.0;0.0;0.0;0.0;0.0;0.0;0.0;0.0;0.0;0.0;0.0;0.0;0.0;0.0;0.0;0.0;0
436;107.48;107.48;107.48;4.0896;0.0;0.0;0.0;0.0;0.0;0.0;0.0;0.0;0.0;0.0;0.0;0.0;0.0;0.0;0.0;0.0;0.0;0.0;0.0;0.0;0.0;0.0;0.0;0.0;0
437;73.56;73.56;73.56;8.966400000000005;0.0;0.0;0.0;0.0;0.0;0.0;0.0;0.0;0.0;0.0;0.0;0.0;0.0;0.0;0.0;0.0;0.0;0.0;0.0;0.0;0.0;0.0;0.0;0.0;1
438;109.84;109.84;109.84;0.5344000000000001;0.0;0.0;0.0;0.0;0.0;0.0;0.0;0.0;0.0;0.0;0.0;0.0;0.0;0.0;0.0;0.0;0.0;0.0;0.0;0.0;0.0;0.0;0.0;0.0;0
439;77.44;77.44;77.44;4.646400000000002;0.0;0.0;0.0;0.0;0.0;0.0;0.0;0.0;0.0;0.0;0.0;0.0;0.0;0.0;0.0;0.0;0.0;0.0;0.0;0.0;0.0;0.0;0.0;0.0;1
440;65.08;65.08;65.08;3.9135999999999997;0.0;0.0;0.0;0.0;0.0;0.0;0.0;0.0;0.0;0.0;0.0;0.0;0.0;0.0;0.0;0.0;0.0;0.0;0.0;0.0;0.0;0.0;0.0;0.0;0
441;66.08;66.08;66.08;96.87360000000002;0.0;0.0;0.0;0.0;0.0;0.0;0.0;0.0;0.0;0.0;0.0;0.0;0.0;0.0;0.0;0.0;0.0;0.0;0.0;0.0;0.0;0.0;0.0;0.0;1
442;104.96;104.96;104.96;26.518400000000007;0.0;0.0;0.0;0.0;0.0;0.0;0.0;0.0;0.0;0.0;0.0;0.0;0.0;0.0;0.0;0.0;0.0;0.0;0.0;0.0;0.0;0.0;0.0;0.0;0
443;141.24;141.24;141.24;22.82239999999998;6375.0;12750.0;12750.0;38250.0;25500.0;38250.0;127500.0;76500.0;76500.0;127500.0;12750.0;0.0;12750.0;0.0;0.0;0.0;0.0;0.00031372549019607844;0.0;0.00031372549019607844;0.0;0.0;0.0;0.0;0
444;129.88;129.88;129.88;16.4256;4080.0;7650.0;4590.0;22950.0;7650.0;8670.0;76500.0;22950.0;12750.0;18360.0;8606.25;-956.25;3506.25;1195.3125;717.1875;-1354.6875;717.1875;0.0005170036764705881;-5.744485294117646e-05;0.00021063112745098038;1.1241675721743406e-06;6.745005433046044e-07;-1.274056581797586e-06;6.745005433046044e-07;0
445;78.08;78.08;78.08;44.8736;0.0;0.0;0.0;0.0;0.0;0.0;0.0;0.0;0.0;0.0;0.0;0.0;0.0;0.0;0.0;0.0;0.0;0.0;0.0;0.0;0.0;0.0;0.0;0.0;1
446;3.0;3.0;3.0;0.0;0.0;0.0;0.0;0.0;0.0;0.0;0.0;0.0;0.0;0.0;0.0;0.0;0.0;0.0;0.0;0.0;0.0;0.0;0.0;0.0;0.0;0.0;0.0;0.0;0
447;113.68;113.68;113.68;5.017599999999996;0.0;0.0;0.0;0.0;0.0;0.0;0.0;0.0;0.0;0.0;0.0;0.0;0.0;0.0;0.0;0.0;0.0;0.0;0.0;0.0;0.0;0.0;0.0;0.0;0
448;4.0;4.0;4.0;0.0;0.0;0.0;0.0;0.0;0.0;0.0;0.0;0.0;0.0;0.0;0.0;0.0;0.0;0.0;0.0;0.0;0.0;0.0;0.0;0.0;0.0;0.0;0.0;0.0;0
449;89.64;89.64;89.64;25.0304;0.0;0.0;0.0;0.0;0.0;0.0;0.0;0.0;0.0;0.0;0.0;0.0;0.0;0.0;0.0;0.0;0.0;0.0;0.0;0.0;0.0;0.0;0.0;0.0;1
450;131.4;131.4;131.4;29.920000000000012;5100.0;8670.0;8160.0;24480.0;10965.0;21420.0;79050.0;27795.0;23715.0;64770.0;9741.0;-2906.999999999998;8364.000000000002;4314.600000000006;-1489.2000000000044;-3396.600000000004;3733.19999999999;0.0003745098039215686;-0.00011176470588235286;0.00032156862745098044;2.322817551152349e-06;-8.017289892866275e-07;-1.8286010509071678e-06;2.009813767663726e-06;0
451;3.0;3.0;3.0;0.0;0.0;0.0;0.0;0.0;0.0;0.0;0.0;0.0;0.0;0.0;0.0;0.0;0.0;0.0;0.0;0.0;0.0;0.0;0.0;0.0;0.0;0.0;0.0;0.0;0
452;68.08;68.08;68.08;25.593599999999995;0.0;0.0;0.0;0.0;0.0;0.0;0.0;0.0;0.0;0.0;0.0;0.0;0.0;0.0;0.0;0.0;0.0;0.0;0.0;0.0;0.0;0.0;0.0;0.0;1
453;83.8;83.8;83.8;55.84;0.0;0.0;0.0;0.0;0.0;0.0;0.0;0.0;0.0;0.0;0.0;0.0;0.0;0.0;0.0;0.0;0.0;0.0;0.0;0.0;0.0;0.0;0.0;0.0;1
454;88.36;88.36;88.36;2.7903999999999995;0.0;0.0;0.0;0.0;0.0;0.0;0.0;0.0;0.0;0.0;0.0;0.0;0.0;0.0;0.0;0.0;0.0;0.0;0.0;0.0;0.0;0.0;0.0;0.0;0
455;85.72;85.72;85.72;68.9216;0.0;0.0;0.0;0.0;0.0;0.0;0.0;0.0;0.0;0.0;0.0;0.0;0.0;0.0;0.0;0.0;0.0;0.0;0.0;0.0;0.0;0.0;0.0;0.0;1
456;73.24;73.24;73.24;50.1024;0.0;0.0;0.0;0.0;0.0;0.0;0.0;0.0;0.0;0.0;0.0;0.0;0.0;0.0;0.0;0.0;0.0;0.0;0.0;0.0;0.0;0.0;0.0;0.0;1
457;107.8;107.8;107.8;3.6000000000000014;0.0;0.0;0.0;0.0;0.0;0.0;0.0;0.0;0.0;0.0;0.0;0.0;0.0;0.0;0.0;0.0;0.0;0.0;0.0;0.0;0.0;0.0;0.0;0.0;0
458;96.28;96.28;96.28;23.401599999999988;0.0;0.0;0.0;0.0;0.0;0.0;0.0;0.0;0.0;0.0;0.0;0.0;0.0;0.0;0.0;0.0;0.0;0.0;0.0;0.0;0.0;0.0;0.0;0.0;1
459;84.88;84.88;84.88;0.3456000000000002;0.0;0.0;0.0;0.0;0.0;0.0;0.0;0.0;0.0;0.0;0.0;0.0;0.0;0.0;0.0;0.0;0.0;0.0;0.0;0.0;0.0;0.0;0.0;0.0;0
460;79.04;79.04;79.04;6.518399999999999;0.0;0.0;0.0;0.0;0.0;0.0;0.0;0.0;0.0;0.0;0.0;0.0;0.0;0.0;0.0;0.0;0.0;0.0;0.0;0.0;0.0;0.0;0.0;0.0;0
461;102.6;102.6;102.6;2.1599999999999993;0.0;0.0;0.0;0.0;0.0;0.0;0.0;0.0;0.0;0.0;0.0;0.0;0.0;0.0;0.0;0.0;0.0;0.0;0.0;0.0;0.0;0.0;0.0;0.0;0
462;96.72;96.72;96.72;122.44160000000001;0.0;0.0;0.0;0.0;0.0;0.0;0.0;0.0;0.0;0.0;0.0;0.0;0.0;0.0;0.0;0.0;0.0;0.0;0.0;0.0;0.0;0.0;0.0;0.0;1
463;90.04;90.04;90.04;8.838399999999998;0.0;0.0;0.0;0.0;0.0;0.0;0.0;0.0;0.0;0.0;0.0;0.0;0.0;0.0;0.0;0.0;0.0;0.0;0.0;0.0;0.0;0.0;0.0;0.0;1
464;63.4;63.4;63.4;145.28000000000006;0.0;0.0;0.0;0.0;0.0;0.0;0.0;0.0;0.0;0.0;0.0;0.0;0.0;0.0;0.0;0.0;0.0;0.0;0.0;0.0;0.0;0.0;0.0;0.0;1
465;58.68;58.68;58.68;73.57759999999999;0.0;0.0;0.0;0.0;0.0;0.0;0.0;0.0;0.0;0.0;0.0;0.0;0.0;0.0;0.0;0.0;0.0;0.0;0.0;0.0;0.0;0.0;0.0;0.0;1
466;112.36;112.36;112.36;2.1504000000000003;0.0;0.0;0.0;0.0;0.0;0.0;0.0;0.0;0.0;0.0;0.0;0.0;0.0;0.0;0.0;0.0;0.0;0.0;0.0;0.0;0.0;0.0;0.0;0.0;0
467;46.32;46.32;46.32;6.217600000000001;0.0;0.0;0.0;0.0;0.0;0.0;0.0;0.0;0.0;0.0;0.0;0.0;0.0;0.0;0.0;0.0;0.0;0.0;0.0;0.0;0.0;0.0;0.0;0.0;1
468;72.52;72.52;72.52;44.1696;0.0;0.0;0.0;0.0;0.0;0.0;0.0;0.0;0.0;0.0;0.0;0.0;0.0;0.0;0.0;0.0;0.0;0.0;0.0;0.0;0.0;0.0;0.0;0.0;1
469;110.4;110.4;110.4;1.4399999999999995;0.0;0.0;0.0;0.0;0.0;0.0;0.0;0.0;0.0;0.0;0.0;0.0;0.0;0.0;0.0;0.0;0.0;0.0;0.0;0.0;0.0;0.0;0.0;0.0;0
470;92.52;92.52;92.52;7.849599999999999;0.0;0.0;0.0;0.0;0.0;0.0;0.0;0.0;0.0;0.0;0.0;0.0;0.0;0.0;0.0;0.0;0.0;0.0;0.0;0.0;0.0;0.0;0.0;0.0;0
471;66.56;66.56;66.56;5.3664000000000005;0.0;0.0;0.0;0.0;0.0;0.0;0.0;0.0;0.0;0.0;0.0;0.0;0.0;0.0;0.0;0.0;0.0;0.0;0.0;0.0;0.0;0.0;0.0;0.0;1
472;114.12;114.12;114.12;49.865600000000015;0.0;0.0;0.0;0.0;0.0;0.0;0.0;0.0;0.0;0.0;0.0;0.0;0.0;0.0;0.0;0.0;0.0;0.0;0.0;0.0;0.0;0.0;0.0;0.0;0
473;101.4;101.4;101.4;0.4799999999999993;0.0;0.0;0.0;0.0;0.0;0.0;0.0;0.0;0.0;0.0;0.0;0.0;0.0;0.0;0.0;0.0;0.0;0.0;0.0;0.0;0.0;0.0;0.0;0.0;0
474;69.6;69.6;69.6;14.160000000000004;0.0;0.0;0.0;0.0;0.0;0.0;0.0;0.0;0.0;0.0;0.0;0.0;0.0;0.0;0.0;0.0;0.0;0.0;0.0;0.0;0.0;0.0;0.0;0.0;1
475;4.0;4.0;4.0;0.0;0.0;0.0;0.0;0.0;0.0;0.0;0.0;0.0;0.0;0.0;0.0;0.0;0.0;0.0;0.0;0.0;0.0;0.0;0.0;0.0;0.0;0.0;0.0;0.0;0
476;53.88;53.88;53.88;0.3456000000000008;0.0;0.0;0.0;0.0;0.0;0.0;0.0;0.0;0.0;0.0;0.0;0.0;0.0;0.0;0.0;0.0;0.0;0.0;0.0;0.0;0.0;0.0;0.0;0.0;0
477;72.52;72.52;72.52;52.2496;0.0;0.0;0.0;0.0;0.0;0.0;0.0;0.0;0.0;0.0;0.0;0.0;0.0;0.0;0.0;0.0;0.0;0.0;0.0;0.0;0.0;0.0;0.0;0.0;1
478;78.56;78.56;78.56;19.846400000000003;0.0;0.0;0.0;0.0;0.0;0.0;0.0;0.0;0.0;0.0;0.0;0.0;0.0;0.0;0.0;0.0;0.0;0.0;0.0;0.0;0.0;0.0;0.0;0.0;1
479;99.96;99.96;99.96;1.9584000000000015;0.0;0.0;0.0;0.0;0.0;0.0;0.0;0.0;0.0;0.0;0.0;0.0;0.0;0.0;0.0;0.0;0.0;0.0;0.0;0.0;0.0;0.0;0.0;0.0;0
480;110.28;110.28;110.28;14.841599999999993;0.0;0.0;0.0;0.0;0.0;0.0;0.0;0.0;0.0;0.0;0.0;0.0;0.0;0.0;0.0;0.0;0.0;0.0;0.0;0.0;0.0;0.0;0.0;0.0;0
481;101.08;101.08;101.08;14.633600000000003;0.0;0.0;0.0;0.0;0.0;0.0;0.0;0.0;0.0;0.0;0.0;0.0;0.0;0.0;0.0;0.0;0.0;0.0;0.0;0.0;0.0;0.0;0.0;0.0;1
482;65.2;65.2;65.2;28.240000000000013;0.0;0.0;0.0;0.0;0.0;0.0;0.0;0.0;0.0;0.0;0.0;0.0;0.0;0.0;0.0;0.0;0.0;0.0;0.0;0.0;0.0;0.0;0.0;0.0;1
483;54.4;54.4;54.4;16.720000000000002;0.0;0.0;0.0;0.0;0.0;0.0;0.0;0.0;0.0;0.0;0.0;0.0;0.0;0.0;0.0;0.0;0.0;0.0;0.0;0.0;0.0;0.0;0.0;0.0;1
484;78.28;78.28;78.28;43.64160000000001;0.0;0.0;0.0;0.0;0.0;0.0;0.0;0.0;0.0;0.0;0.0;0.0;0.0;0.0;0.0;0.0;0.0;0.0;0.0;0.0;0.0;0.0;0.0;0.0;1
485;88.36;88.36;88.36;13.670400000000006;0.0;0.0;0.0;0.0;0.0;0.0;0.0;0.0;0.0;0.0;0.0;0.0;0.0;0.0;0.0;0.0;0.0;0.0;0.0;0.0;0.0;0.0;0.0;0.0;0
486;77.12;77.12;77.12;39.465600000000016;0.0;0.0;0.0;0.0;0.0;0.0;0.0;0.0;0.0;0.0;0.0;0.0;0.0;0.0;0.0;0.0;0.0;0.0;0.0;0.0;0.0;0.0;0.0;0.0;1
487;3.0;3.0;3.0;0.0;0.0;0.0;0.0;0.0;0.0;0.0;0.0;0.0;0.0;0.0;0.0;0.0;0.0;0.0;0.0;0.0;0.0;0.0;0.0;0.0;0.0;0.0;0.0;0.0;0
488;77.32;77.32;77.32;33.977599999999995;0.0;0.0;0.0;0.0;0.0;0.0;0.0;0.0;0.0;0.0;0.0;0.0;0.0;0.0;0.0;0.0;0.0;0.0;0.0;0.0;0.0;0.0;0.0;0.0;1
489;127.96;127.96;127.96;2.9184;1530.0;5355.0;4590.0;19125.0;16065.0;14790.0;69615.0;57375.0;51765.0;50490.0;382.50000000000364;0.0;1020.0;-1.4551915228366852e-11;3.637978807091713e-12;4.547473508864641e-13;0.0;0.00016339869281045905;0.0;0.0004357298474945533;-1.589247654154707e-19;3.973119135386767e-20;4.966398919233459e-21;0.0;0
490;79.6;79.6;79.6;29.040000000000013;0.0;0.0;0.0;0.0;0.0;0.0;0.0;0.0;0.0;0.0;0.0;0.0;0.0;0.0;0.0;0.0;0.0;0.0;0.0;0.0;0.0;0.0;0.0;0.0;1
491;85.6;85.6;85.6;33.76;0.0;0.0;0.0;0.0;0.0;0.0;0.0;0.0;0.0;0.0;0.0;0.0;0.0;0.0;0.0;0.0;0.0;0.0;0.0;0.0;0.0;0.0;0.0;0.0;1
492;94.16;94.16;94.16;8.934399999999998;0.0;0.0;0.0;0.0;0.0;0.0;0.0;0.0;0.0;0.0;0.0;0.0;0.0;0.0;0.0;0.0;0.0;0.0;0.0;0.0;0.0;0.0;0.0;0.0;1
493;96.4;96.4;96.4;1.4399999999999995;0.0;0.0;0.0;0.0;0.0;0.0;0.0;0.0;0.0;0.0;0.0;0.0;0.0;0.0;0.0;0.0;0.0;0.0;0.0;0.0;0.0;0.0;0.0;0.0;0
494;92.2;92.2;92.2;1.36;0.0;0.0;0.0;0.0;0.0;0.0;0.0;0.0;0.0;0.0;0.0;0.0;0.0;0.0;0.0;0.0;0.0;0.0;0.0;0.0;0.0;0.0;0.0;0.0;1
495;98.68;98.68;98.68;10.617599999999998;0.0;0.0;0.0;0.0;0.0;0.0;0.0;0.0;0.0;0.0;0.0;0.0;0.0;0.0;0.0;0.0;0.0;0.0;0.0;0.0;0.0;0.0;0.0;0.0;1
496;80.8;80.8;80.8;0.9600000000000007;0.0;0.0;0.0;0.0;0.0;0.0;0.0;0.0;0.0;0.0;0.0;0.0;0.0;0.0;0.0;0.0;0.0;0.0;0.0;0.0;0.0;0.0;0.0;0.0;0
497;137.76;137.76;137.76;0.42239999999999994;6375.0;12750.0;12750.0;38250.0;25500.0;38250.0;127500.0;76500.0;76500.0;127500.0;12750.0;0.0;12750.0;0.0;0.0;0.0;0.0;0.00031372549019607844;0.0;0.00031372549019607844;0.0;0.0;0.0;0.0;0
498;83.48;83.48;83.48;117.2896;0.0;0.0;0.0;0.0;0.0;0.0;0.0;0.0;0.0;0.0;0.0;0.0;0.0;0.0;0.0;0.0;0.0;0.0;0.0;0.0;0.0;0.0;0.0;0.0;1
499;86.68;86.68;86.68;20.697599999999994;0.0;0.0;0.0;0.0;0.0;0.0;0.0;0.0;0.0;0.0;0.0;0.0;0.0;0.0;0.0;0.0;0.0;0.0;0.0;0.0;0.0;0.0;0.0;0.0;0
